SUBENT        41110001   20061020   20070521   20060816       4139
BIB                 12         21
INSTITUTE  (4RUSFEI,4RUSRI)
REFERENCE  (J,YF,53,(3),628,1991)   Curves Are Given
           (J,PAN,53,(3),392,1991)
AUTHOR     (G.S.BOYKOV,V.D.DMITRIEV,G.A.KUDYAEV,YU.B.OSTAPENKO,
           M.I.SVIRIN,G.N.SMIRENKIN)
TITLE       Neutron Spectrum In The Fission Of Th-232, U-235
            And U-238 By Neutron With Energies 2.9 And 14.7 MeV
FACILITY   (VDG,4RUSRI )  Neutron Generator NG-400
INC-SOURCE (D-D,D-T)
SAMPLE      Two-sided Metallic Layers On Aluminium Foil,
            Thickness 2 milligram/cm2, Diameter 100 mm
METHOD     (TOF)
DETECTOR   (FISCH)  Four-section Multy-layer Ionization Chamber
                    Filled With Methane
           (SCIN)  Stilbene Crystal For Neutron Detecion
MONITOR    ((MONIT)98-CF-252(0,F),PR,NU)
ERR-ANALYS (ERR-T)   Total Error
HISTORY    (19921204C)  + + COMPILED AT THE CENTRE - CJD + +
           (20010311A) DATE is corrected
           (20061020U) Misprint in Reference Year was corrected.
                       Second reference was added. M.M.
ENDBIB              21
COMMON               2          3
EN-RSL     MONIT
NSEC/M     PRT/FIS
  2.5          3.766
ENDCOMMON            3
ENDSUBENT           28
SUBENT        41110009   20010311   20011019   20050926       0000
BIB                  2          4
REACTION  1((92-U-235(N,F),PR,DE,N)/(98-CF-252(0,F),PR,DE,N))
          2(92-U-235(N,F),PR,DE,N,REL)  SPECTRE IS NORMALIZED TO
                                        UNITY
STATUS     (APRVD)  SVIRIN, 921125
ENDBIB               4
NOCOMMON             0          0
DATA                 5        148
EN         E          DATA      1DATA      2ERR-T     2
MEV        MEV        NO-DIM     ARB-UNITS  PER-CENT
  2.9       0.232     1.006      0.26440     14.5
  2.9       0.278     1.150      0.32054      9.1
  2.9       0.320     1.039      0.30196      8.2
  2.9       0.359     1.080      0.32384      6.4
  2.9       0.397     1.045      0.32100      5.1
  2.9       0.435     1.091      0.34190      4.2
  2.9       0.472     1.040      0.33127      3.7
  2.9       0.506     1.020      0.32872      3.6
  2.9       0.538     1.048      0.34088      3.4
  2.9       0.570     1.079      0.35343      3.5
  2.9       0.599     1.077      0.35474      3.2
  2.9       0.631     1.044      0.34525      3.0
  2.9       0.666     1.017      0.33759      2.9
  2.9       0.696     1.034      0.34380      3.3
  2.9       0.723     1.037      0.34505      3.1
  2.9       0.750     1.000      0.33286      3.0
  2.9       0.780     1.006      0.33484      2.9
  2.9       0.811     1.025      0.34067      2.9
  2.9       0.844     1.014      0.33628      2.7
  2.9       0.879     1.045      0.34568      2.5
  2.9       0.917     1.019      0.33554      2.5
  2.9       0.956     1.038      0.34019      2.4
  2.9       0.999     1.034      0.33690      2.4
  2.9       1.044     1.041      0.33625      2.2
  2.9       1.093     1.026      0.32862      2.2
  2.9       1.145     1.031      0.32635      2.1
  2.9       1.200     1.006      0.31438      2.1
  2.9       1.260     1.002      0.30833      2.0
  2.9       1.325     1.027      0.31034      1.9
  2.9       1.395     1.018      0.30141      1.8
  2.9       1.471     1.010      0.29196      1.8
  2.9       1.552     1.027      0.28878      1.8
  2.9       1.641     1.022      0.27830      1.7
  2.9       1.738     1.041      0.27330      1.6
  2.9       1.843     1.021      0.25725      1.6
  2.9       1.958     1.008      0.24212      1.6
  2.9       2.051     1.000      0.23059      1.5
  2.9       2.117     0.998      0.22341      1.5
  2.9       2.187     1.001      0.21708      1.5
  2.9       2.259     1.011      0.21205      1.5
  2.9       2.336     1.009      0.20397      1.5
  2.9       2.417     1.000      0.19447      1.5
  2.9       2.502     0.986      0.18378      1.5
  2.9       2.591     0.997      0.17777      1.5
  2.9       2.686     0.989      0.16808      1.5
  2.9       2.786     1.004      0.16197      1.5
  2.9       2.891     0.996      0.15183      1.5
  2.9       3.002     0.981      0.14073      1.5
  2.9       3.120     0.979      0.13181      1.5
  2.9       3.245     0.981      0.12326      1.5
  2.9       3.378     0.975      0.11367      1.6
  2.9       3.519     0.956      0.10289      1.6
  2.9       3.669     0.949      0.09361      1.7
  2.9       3.829     0.960      0.08611      1.7
  2.9       4.000     0.972      0.07883      1.7
  2.9       4.182     0.965      0.07007      1.8
  2.9       4.377     0.932      0.06014      1.9
  2.9       4.586     0.911      0.05165      2.1
  2.9       4.811     0.890      0.04386      2.2
  2.9       5.053     0.885      0.03735      2.4
  2.9       5.313     0.863      0.03081      2.5
  2.9       5.594     0.859      0.02554      2.7
  2.9       5.898     0.869      0.02118      3.0
  2.9       6.227     0.856      0.01678      3.3
  2.9       6.585     0.850      0.01314      3.6
  2.9       6.976     0.816      0.00973      4.2
  2.9       7.401     0.752      0.00676      4.9
  2.9       7.867     0.741      0.00488      6.0
  2.9       8.379     0.747      0.00351      7.2
  2.9       8.943     0.682      0.00220      8.9
  2.9       9.566     0.730      0.00155      11.0
  2.9       10.257    0.611      0.00082      15.7
  2.9       11.026    0.602      0.00048      19.0
  2.9       11.885    0.801      0.00036      20.0
 14.7        0.225    1.156      0.30052      14.35
 14.7        0.275    1.32       0.36688       8.21
 14.7        0.32     1.197      0.34794       6.51
 14.7        0.355    1.149      0.34364       5.85
 14.7        0.39     1.126      0.34466       4.34
 14.7        0.43     1.155      0.36101       3.68
 14.7        0.465    1.119      0.35517       3.4
 14.7        0.495    1.079      0.34598       3.4
 14.7        0.53     1.101      0.35687       2.92
 14.7        0.565    1.1        0.35955       3.11
 14.7        0.595    1.128      0.37056       2.83
 14.7        0.625    1.101      0.36348       2.64
 14.7        0.655    1.142      0.37874       2.45
 14.7        0.685    1.165      0.38689       2.83
 14.7        0.715    1.139      0.37853       2.73
 14.7        0.745    1.11       0.3692        2.64
 14.7        0.775    1.103      0.36665       2.55
 14.7        0.805    1.106      0.36723       2.45
 14.7        0.835    1.101      0.36488       2.36
 14.7        0.87     1.088      0.35997       2.36
 14.7        0.91     1.102      0.36293       2.17
 14.7        0.95     1.076      0.35256       2.17
 14.7        0.99     1.093      0.35634       2.07
 14.7        1.035    1.083      0.35006       1.98
 14.7        1.085    1.052      0.33698       1.98
 14.7        1.135    1.039      0.3293        1.94
 14.7        1.19     1.01       0.3162        1.91
 14.7        1.25     1.002      0.30889       1.88
 14.7        1.315    1.006      0.30445       1.79
 14.7        1.385    0.998      0.29606       1.75
 14.7        1.46     0.975      0.2826        1.71
 14.7        1.54     0.972      0.2741        1.68
 14.7        1.625    0.976      0.26721       1.64
 14.7        1.72     0.959      0.25343       1.6
 14.7        1.825    0.95       0.24095       1.58
 14.7        1.94     0.95       0.22967       1.55
 14.7        2.03     0.938      0.21824       1.46
 14.7        2.095    0.923      0.20859       1.47
 14.7        2.165    0.932      0.20405       1.45
 14.7        2.235    0.935      0.19801       1.45
 14.7        2.31     0.924      0.18889       1.46
 14.7        2.39     0.91       0.17909       1.47
 14.7        2.475    0.9        0.16974       1.46
 14.7        2.565    0.89       0.16053       1.47
 14.7        2.66     0.869      0.1495        1.51
 14.7        2.76     0.864      0.14108       1.51
 14.7        2.865    0.867      0.13381       1.52
 14.7        2.975    0.868      0.12625       1.53
 14.7        3.09     0.872      0.11922       1.53
 14.7        3.215    0.869      0.11093       1.56
 14.7        3.345    0.874      0.10369       1.58
 14.7        3.485    0.871      0.09551       1.62
 14.7        3.635    0.87       0.08734       1.66
 14.7        3.79     0.881      0.08074       1.69
 14.7        3.96     0.88       0.07291       1.73
 14.7        4.14     0.877      0.06523       1.79
 14.7        4.33     0.857      0.05677       1.88
 14.7        4.54     0.886      0.05157       1.94
 14.7        4.756    0.903      0.0457        2.03
 14.7        5.005    0.941      0.0408        2.11
 14.7        5.26     0.951      0.03503       2.23
 14.7        5.535    0.923      0.0284        2.47
 14.7        5.84     0.978      0.02467       2.59
 14.7        6.17     1.003      0.02035       2.73
 14.7        6.52     1.061      0.01705       2.92
 14.7        6.9      1.086      0.01357       3.21
 14.7        7.325    1.16       0.01093       3.58
 14.7        7.79     1.283      0.00886       3.96
 14.7        8.295    1.175      0.0058        4.81
 14.7        8.855    0.849      0.00288       7.27
 14.7        9.47     0.957      0.00216       8.87
 14.7        10.15    1.009      0.00144       11.61
 14.7        10.915   0.897      0.00076       13.6
 14.7        11.77    0.698      0.00033       23.59
ENDDATA            150
ENDSUBENT          159
