# n+239Pu
# Incident Energy =    9.90000
# Particle spectrum from Pre-equilibrium emission from 240P
# num energy points =  138
#  E (MeV)               g               n               p
  0.000000   0.0000000E+00   0.0000000E+00   0.0000000E+00
  0.199167   0.0000000E+00   0.3952125E-01   0.5139191E-09
  0.398333   0.0000000E+00   0.7076058E-01   0.4683724E-09
  0.597500   0.0000000E+00   0.8883963E-01   0.4276034E-09
  0.796667   0.0000000E+00   0.1106998E+00   0.3910661E-09
  0.995833   0.0000000E+00   0.1415325E+00   0.3582764E-09
  1.195000   0.0000000E+00   0.1693314E+00   0.3288056E-09
  1.394167   0.0000000E+00   0.1843357E+00   0.3022744E-09
  1.593333   0.0000000E+00   0.1890752E+00   0.2783477E-09
  1.792500   0.0000000E+00   0.1874942E+00   0.2567295E-09
  1.991667   0.0000000E+00   0.1821302E+00   0.2371296E-09
  2.190833   0.0000000E+00   0.1752548E+00   0.2193538E-09
  2.390000   0.0000000E+00   0.1682996E+00   0.2101445E-09
  2.589167   0.0000000E+00   0.1620553E+00   0.2891153E-09
  2.788333   0.0000000E+00   0.1565305E+00   0.9491148E-09
  2.987500   0.0000000E+00   0.1514822E+00   0.4780323E-08
  3.186667   0.0000000E+00   0.1467678E+00   0.2323610E-07
  3.385833   0.0000000E+00   0.1423006E+00   0.9933486E-07
  3.585000   0.0000000E+00   0.1380642E+00   0.3719442E-06
  3.784167   0.0000000E+00   0.1340512E+00   0.1239035E-05
  3.983333   0.0000000E+00   0.1302801E+00   0.3728058E-05
  4.182500   0.0000000E+00   0.1267773E+00   0.1025963E-04
  4.381667   0.0000000E+00   0.1235426E+00   0.2614016E-04
  4.580833   0.0000000E+00   0.1205428E+00   0.6196389E-04
  4.780000   0.0000000E+00   0.1177566E+00   0.1373989E-03
  4.979167   0.0000000E+00   0.1151910E+00   0.2876796E-03
  5.178333   0.0000000E+00   0.1128074E+00   0.5707947E-03
  5.377500   0.0000000E+00   0.1105403E+00   0.1116618E-02
  5.576667   0.0000000E+00   0.1083313E+00   0.1001677E-01
  5.775833   0.0000000E+00   0.1061009E+00   0.1460616E-01
  5.975000   0.0000000E+00   0.1037353E+00   0.2055107E-01
  6.174167   0.0000000E+00   0.1011313E+00   0.3055705E-01
  6.373333   0.0000000E+00   0.9819586E-01   0.4385971E-01
  6.572500   0.0000000E+00   0.9484309E-01   0.6478775E-01
  6.771667   0.0000000E+00   0.9104009E-01   0.8552956E-01
  6.970833   0.0000000E+00   0.8675328E-01   0.1218604E+00
  7.170000   0.0000000E+00   0.8197716E-01   0.1698906E+00
  7.369167   0.0000000E+00   0.7679050E-01   0.2301248E+00
  7.568333   0.0000000E+00   0.7115946E-01   0.2996316E+00
  7.767500   0.0000000E+00   0.6512231E-01   0.3798931E+00
  7.966667   0.0000000E+00   0.5869472E-01   0.4671208E+00
  8.165833   0.0000000E+00   0.5184744E-01   0.5520842E+00
  8.365000   0.0000000E+00   0.4457972E-01   0.6271680E+00
  8.564167   0.0000000E+00   0.3680207E-01   0.6739355E+00
  8.763333   0.0000000E+00   0.2846402E-01   0.6660623E+00
  8.962500   0.0000000E+00   0.1938708E-01   0.5610247E+00
  9.161667   0.0000000E+00   0.0000000E+00   0.0000000E+00
  9.360833   0.0000000E+00   0.0000000E+00   0.0000000E+00
  9.560000   0.0000000E+00   0.0000000E+00   0.0000000E+00
  9.759167   0.0000000E+00   0.0000000E+00   0.0000000E+00
  9.958333   0.0000000E+00   0.0000000E+00   0.0000000E+00
 10.157500   0.0000000E+00   0.0000000E+00   0.0000000E+00
 10.356667   0.0000000E+00   0.0000000E+00   0.0000000E+00
 10.555833   0.0000000E+00   0.0000000E+00   0.0000000E+00
 10.755000   0.0000000E+00   0.0000000E+00   0.0000000E+00
 10.954167   0.0000000E+00   0.0000000E+00   0.0000000E+00
 11.153333   0.0000000E+00   0.0000000E+00   0.0000000E+00
 11.352500   0.0000000E+00   0.0000000E+00   0.0000000E+00
 11.551667   0.0000000E+00   0.0000000E+00   0.0000000E+00
 11.750833   0.0000000E+00   0.0000000E+00   0.0000000E+00
 11.950000   0.0000000E+00   0.0000000E+00   0.0000000E+00
 12.149167   0.0000000E+00   0.0000000E+00   0.0000000E+00
 12.348333   0.0000000E+00   0.0000000E+00   0.0000000E+00
 12.547500   0.0000000E+00   0.0000000E+00   0.0000000E+00
 12.746667   0.0000000E+00   0.0000000E+00   0.0000000E+00
 12.945833   0.0000000E+00   0.0000000E+00   0.0000000E+00
 13.145000   0.0000000E+00   0.0000000E+00   0.0000000E+00
 13.344167   0.0000000E+00   0.0000000E+00   0.0000000E+00
 13.543333   0.0000000E+00   0.0000000E+00   0.0000000E+00
 13.742500   0.0000000E+00   0.0000000E+00   0.0000000E+00
 13.941667   0.0000000E+00   0.0000000E+00   0.0000000E+00
 14.140833   0.0000000E+00   0.0000000E+00   0.0000000E+00
 14.340000   0.0000000E+00   0.0000000E+00   0.0000000E+00
 14.539167   0.0000000E+00   0.0000000E+00   0.0000000E+00
 14.738333   0.0000000E+00   0.0000000E+00   0.0000000E+00
 14.937500   0.0000000E+00   0.0000000E+00   0.0000000E+00
 15.136667   0.0000000E+00   0.0000000E+00   0.0000000E+00
 15.335833   0.0000000E+00   0.0000000E+00   0.0000000E+00
 15.535000   0.0000000E+00   0.0000000E+00   0.0000000E+00
 15.734167   0.0000000E+00   0.0000000E+00   0.0000000E+00
 15.933333   0.0000000E+00   0.0000000E+00   0.0000000E+00
 16.132500   0.0000000E+00   0.0000000E+00   0.0000000E+00
 16.331667   0.0000000E+00   0.0000000E+00   0.0000000E+00
 16.530833   0.0000000E+00   0.0000000E+00   0.0000000E+00
 16.730000   0.0000000E+00   0.0000000E+00   0.0000000E+00
 16.929167   0.0000000E+00   0.0000000E+00   0.0000000E+00
 17.128333   0.0000000E+00   0.0000000E+00   0.0000000E+00
 17.327500   0.0000000E+00   0.0000000E+00   0.0000000E+00
 17.526667   0.0000000E+00   0.0000000E+00   0.0000000E+00
 17.725833   0.0000000E+00   0.0000000E+00   0.0000000E+00
 17.925000   0.0000000E+00   0.0000000E+00   0.0000000E+00
 18.124167   0.0000000E+00   0.0000000E+00   0.0000000E+00
 18.323333   0.0000000E+00   0.0000000E+00   0.0000000E+00
 18.522500   0.0000000E+00   0.0000000E+00   0.0000000E+00
 18.721667   0.0000000E+00   0.0000000E+00   0.0000000E+00
 18.920833   0.0000000E+00   0.0000000E+00   0.0000000E+00
 19.120000   0.0000000E+00   0.0000000E+00   0.0000000E+00
 19.319167   0.0000000E+00   0.0000000E+00   0.0000000E+00
 19.518333   0.0000000E+00   0.0000000E+00   0.0000000E+00
 19.717500   0.0000000E+00   0.0000000E+00   0.0000000E+00
 19.916667   0.0000000E+00   0.0000000E+00   0.0000000E+00
 20.115833   0.0000000E+00   0.0000000E+00   0.0000000E+00
 20.315000   0.0000000E+00   0.0000000E+00   0.0000000E+00
 20.514167   0.0000000E+00   0.0000000E+00   0.0000000E+00
 20.713333   0.0000000E+00   0.0000000E+00   0.0000000E+00
 20.912500   0.0000000E+00   0.0000000E+00   0.0000000E+00
 21.111667   0.0000000E+00   0.0000000E+00   0.0000000E+00
 21.310833   0.0000000E+00   0.0000000E+00   0.0000000E+00
 21.510000   0.0000000E+00   0.0000000E+00   0.0000000E+00
 21.709167   0.0000000E+00   0.0000000E+00   0.0000000E+00
 21.908333   0.0000000E+00   0.0000000E+00   0.0000000E+00
 22.107500   0.0000000E+00   0.0000000E+00   0.0000000E+00
 22.306667   0.0000000E+00   0.0000000E+00   0.0000000E+00
 22.505833   0.0000000E+00   0.0000000E+00   0.0000000E+00
 22.705000   0.0000000E+00   0.0000000E+00   0.0000000E+00
 22.904167   0.0000000E+00   0.0000000E+00   0.0000000E+00
 23.103333   0.0000000E+00   0.0000000E+00   0.0000000E+00
 23.302500   0.0000000E+00   0.0000000E+00   0.0000000E+00
 23.501667   0.0000000E+00   0.0000000E+00   0.0000000E+00
 23.700833   0.0000000E+00   0.0000000E+00   0.0000000E+00
 23.900000   0.0000000E+00   0.0000000E+00   0.0000000E+00
 24.099167   0.0000000E+00   0.0000000E+00   0.0000000E+00
 24.298333   0.0000000E+00   0.0000000E+00   0.0000000E+00
 24.497500   0.0000000E+00   0.0000000E+00   0.0000000E+00
 24.696667   0.0000000E+00   0.0000000E+00   0.0000000E+00
 24.895833   0.0000000E+00   0.0000000E+00   0.0000000E+00
 25.095000   0.0000000E+00   0.0000000E+00   0.0000000E+00
 25.294167   0.0000000E+00   0.0000000E+00   0.0000000E+00
 25.493333   0.0000000E+00   0.0000000E+00   0.0000000E+00
 25.692500   0.0000000E+00   0.0000000E+00   0.0000000E+00
 25.891667   0.0000000E+00   0.0000000E+00   0.0000000E+00
 26.090833   0.0000000E+00   0.0000000E+00   0.0000000E+00
 26.290000   0.0000000E+00   0.0000000E+00   0.0000000E+00
 26.489167   0.0000000E+00   0.0000000E+00   0.0000000E+00
 26.688333   0.0000000E+00   0.0000000E+00   0.0000000E+00
 26.887500   0.0000000E+00   0.0000000E+00   0.0000000E+00
 27.086667   0.0000000E+00   0.0000000E+00   0.0000000E+00
 27.285833   0.0000000E+00   0.0000000E+00   0.0000000E+00
 27.485000   0.0000000E+00   0.0000000E+00   0.0000000E+00
