# n+239Pu
# Incident Energy =   16.30000
# Particle spectrum from Pre-equilibrium emission from 240P
# num energy points =  138
#  E (MeV)               g               n               p
  0.000000   0.0000000E+00   0.0000000E+00   0.0000000E+00
  0.199167   0.0000000E+00   0.1983388E-01   0.2669629E-11
  0.398333   0.0000000E+00   0.3641558E-01   0.2491285E-11
  0.597500   0.0000000E+00   0.4682394E-01   0.2326032E-11
  0.796667   0.0000000E+00   0.5967867E-01   0.2172903E-11
  0.995833   0.0000000E+00   0.7794554E-01   0.2031000E-11
  1.195000   0.0000000E+00   0.9514792E-01   0.1899488E-11
  1.394167   0.0000000E+00   0.1055550E+00   0.1777588E-11
  1.593333   0.0000000E+00   0.1102090E+00   0.1664580E-11
  1.792500   0.0000000E+00   0.1111267E+00   0.1559791E-11
  1.991667   0.0000000E+00   0.1096554E+00   0.1462423E-11
  2.190833   0.0000000E+00   0.1070886E+00   0.1372117E-11
  2.390000   0.0000000E+00   0.1042877E+00   0.1332377E-11
  2.589167   0.0000000E+00   0.1017631E+00   0.1856919E-11
  2.788333   0.0000000E+00   0.9955148E-01   0.6172330E-11
  2.987500   0.0000000E+00   0.9752952E-01   0.3146599E-10
  3.186667   0.0000000E+00   0.9562859E-01   0.1547737E-09
  3.385833   0.0000000E+00   0.9381197E-01   0.6694714E-09
  3.585000   0.0000000E+00   0.9208645E-01   0.2536314E-08
  3.784167   0.0000000E+00   0.9046400E-01   0.8549792E-08
  3.983333   0.0000000E+00   0.8897360E-01   0.2603807E-07
  4.182500   0.0000000E+00   0.8765016E-01   0.7255658E-07
  4.381667   0.0000000E+00   0.8651077E-01   0.1872820E-06
  4.580833   0.0000000E+00   0.8554978E-01   0.4500455E-06
  4.780000   0.0000000E+00   0.8476940E-01   0.1012475E-05
  4.979167   0.0000000E+00   0.8419299E-01   0.2152877E-05
  5.178333   0.0000000E+00   0.8381342E-01   0.4343128E-05
  5.377500   0.0000000E+00   0.8359885E-01   0.8650309E-05
  5.576667   0.0000000E+00   0.8352844E-01   0.7913032E-04
  5.775833   0.0000000E+00   0.8356152E-01   0.1178794E-03
  5.975000   0.0000000E+00   0.8362799E-01   0.1698042E-03
  6.174167   0.0000000E+00   0.8366139E-01   0.2591262E-03
  6.373333   0.0000000E+00   0.8359792E-01   0.3828277E-03
  6.572500   0.0000000E+00   0.8337319E-01   0.5840295E-03
  6.771667   0.0000000E+00   0.8296223E-01   0.7994532E-03
  6.970833   0.0000000E+00   0.8233496E-01   0.1186687E-02
  7.170000   0.0000000E+00   0.8148614E-01   0.1733549E-02
  7.369167   0.0000000E+00   0.8048310E-01   0.2477650E-02
  7.568333   0.0000000E+00   0.7930148E-01   0.3433669E-02
  7.767500   0.0000000E+00   0.7798786E-01   0.4685254E-02
  7.966667   0.0000000E+00   0.7657811E-01   0.6290574E-02
  8.165833   0.0000000E+00   0.7506698E-01   0.8279147E-02
  8.365000   0.0000000E+00   0.7351141E-01   0.1077038E-01
  8.564167   0.0000000E+00   0.7191220E-01   0.1383610E-01
  8.763333   0.0000000E+00   0.7027662E-01   0.1756227E-01
  8.962500   0.0000000E+00   0.6863027E-01   0.2200033E-01
  9.161667   0.0000000E+00   0.6697273E-01   0.2722743E-01
  9.360833   0.0000000E+00   0.6531090E-01   0.3330812E-01
  9.560000   0.0000000E+00   0.6366100E-01   0.4032573E-01
  9.759167   0.0000000E+00   0.6201865E-01   0.4832782E-01
  9.958333   0.0000000E+00   0.6038348E-01   0.5735517E-01
 10.157500   0.0000000E+00   0.5875564E-01   0.6740181E-01
 10.356667   0.0000000E+00   0.5713038E-01   0.7844592E-01
 10.555833   0.0000000E+00   0.5550296E-01   0.9048508E-01
 10.755000   0.0000000E+00   0.5386925E-01   0.1034663E+00
 10.954167   0.0000000E+00   0.5222308E-01   0.1170711E+00
 11.153333   0.0000000E+00   0.5055809E-01   0.1312740E+00
 11.352500   0.0000000E+00   0.4886915E-01   0.1459091E+00
 11.551667   0.0000000E+00   0.4715287E-01   0.1607018E+00
 11.750833   0.0000000E+00   0.4540792E-01   0.1751553E+00
 11.950000   0.0000000E+00   0.4362746E-01   0.1891645E+00
 12.149167   0.0000000E+00   0.4180825E-01   0.2024528E+00
 12.348333   0.0000000E+00   0.3995049E-01   0.2146651E+00
 12.547500   0.0000000E+00   0.3806099E-01   0.2252332E+00
 12.746667   0.0000000E+00   0.3613021E-01   0.2340320E+00
 12.945833   0.0000000E+00   0.3415611E-01   0.2407763E+00
 13.145000   0.0000000E+00   0.3213688E-01   0.2452035E+00
 13.344167   0.0000000E+00   0.3008647E-01   0.2469979E+00
 13.543333   0.0000000E+00   0.2799253E-01   0.2459513E+00
 13.742500   0.0000000E+00   0.2585060E-01   0.2418639E+00
 13.941667   0.0000000E+00   0.2365590E-01   0.2345435E+00
 14.140833   0.0000000E+00   0.2140547E-01   0.2238813E+00
 14.340000   0.0000000E+00   0.1909717E-01   0.2098344E+00
 14.539167   0.0000000E+00   0.1671475E-01   0.1920131E+00
 14.738333   0.0000000E+00   0.1424378E-01   0.1701487E+00
 14.937500   0.0000000E+00   0.1166092E-01   0.1438814E+00
 15.136667   0.0000000E+00   0.8943088E-02   0.1128525E+00
 15.335833   0.0000000E+00   0.6039510E-02   0.7630598E-01
 15.535000   0.0000000E+00   0.0000000E+00   0.0000000E+00
 15.734167   0.0000000E+00   0.0000000E+00   0.0000000E+00
 15.933333   0.0000000E+00   0.0000000E+00   0.0000000E+00
 16.132500   0.0000000E+00   0.0000000E+00   0.0000000E+00
 16.331667   0.0000000E+00   0.0000000E+00   0.0000000E+00
 16.530833   0.0000000E+00   0.0000000E+00   0.0000000E+00
 16.730000   0.0000000E+00   0.0000000E+00   0.0000000E+00
 16.929167   0.0000000E+00   0.0000000E+00   0.0000000E+00
 17.128333   0.0000000E+00   0.0000000E+00   0.0000000E+00
 17.327500   0.0000000E+00   0.0000000E+00   0.0000000E+00
 17.526667   0.0000000E+00   0.0000000E+00   0.0000000E+00
 17.725833   0.0000000E+00   0.0000000E+00   0.0000000E+00
 17.925000   0.0000000E+00   0.0000000E+00   0.0000000E+00
 18.124167   0.0000000E+00   0.0000000E+00   0.0000000E+00
 18.323333   0.0000000E+00   0.0000000E+00   0.0000000E+00
 18.522500   0.0000000E+00   0.0000000E+00   0.0000000E+00
 18.721667   0.0000000E+00   0.0000000E+00   0.0000000E+00
 18.920833   0.0000000E+00   0.0000000E+00   0.0000000E+00
 19.120000   0.0000000E+00   0.0000000E+00   0.0000000E+00
 19.319167   0.0000000E+00   0.0000000E+00   0.0000000E+00
 19.518333   0.0000000E+00   0.0000000E+00   0.0000000E+00
 19.717500   0.0000000E+00   0.0000000E+00   0.0000000E+00
 19.916667   0.0000000E+00   0.0000000E+00   0.0000000E+00
 20.115833   0.0000000E+00   0.0000000E+00   0.0000000E+00
 20.315000   0.0000000E+00   0.0000000E+00   0.0000000E+00
 20.514167   0.0000000E+00   0.0000000E+00   0.0000000E+00
 20.713333   0.0000000E+00   0.0000000E+00   0.0000000E+00
 20.912500   0.0000000E+00   0.0000000E+00   0.0000000E+00
 21.111667   0.0000000E+00   0.0000000E+00   0.0000000E+00
 21.310833   0.0000000E+00   0.0000000E+00   0.0000000E+00
 21.510000   0.0000000E+00   0.0000000E+00   0.0000000E+00
 21.709167   0.0000000E+00   0.0000000E+00   0.0000000E+00
 21.908333   0.0000000E+00   0.0000000E+00   0.0000000E+00
 22.107500   0.0000000E+00   0.0000000E+00   0.0000000E+00
 22.306667   0.0000000E+00   0.0000000E+00   0.0000000E+00
 22.505833   0.0000000E+00   0.0000000E+00   0.0000000E+00
 22.705000   0.0000000E+00   0.0000000E+00   0.0000000E+00
 22.904167   0.0000000E+00   0.0000000E+00   0.0000000E+00
 23.103333   0.0000000E+00   0.0000000E+00   0.0000000E+00
 23.302500   0.0000000E+00   0.0000000E+00   0.0000000E+00
 23.501667   0.0000000E+00   0.0000000E+00   0.0000000E+00
 23.700833   0.0000000E+00   0.0000000E+00   0.0000000E+00
 23.900000   0.0000000E+00   0.0000000E+00   0.0000000E+00
 24.099167   0.0000000E+00   0.0000000E+00   0.0000000E+00
 24.298333   0.0000000E+00   0.0000000E+00   0.0000000E+00
 24.497500   0.0000000E+00   0.0000000E+00   0.0000000E+00
 24.696667   0.0000000E+00   0.0000000E+00   0.0000000E+00
 24.895833   0.0000000E+00   0.0000000E+00   0.0000000E+00
 25.095000   0.0000000E+00   0.0000000E+00   0.0000000E+00
 25.294167   0.0000000E+00   0.0000000E+00   0.0000000E+00
 25.493333   0.0000000E+00   0.0000000E+00   0.0000000E+00
 25.692500   0.0000000E+00   0.0000000E+00   0.0000000E+00
 25.891667   0.0000000E+00   0.0000000E+00   0.0000000E+00
 26.090833   0.0000000E+00   0.0000000E+00   0.0000000E+00
 26.290000   0.0000000E+00   0.0000000E+00   0.0000000E+00
 26.489167   0.0000000E+00   0.0000000E+00   0.0000000E+00
 26.688333   0.0000000E+00   0.0000000E+00   0.0000000E+00
 26.887500   0.0000000E+00   0.0000000E+00   0.0000000E+00
 27.086667   0.0000000E+00   0.0000000E+00   0.0000000E+00
 27.285833   0.0000000E+00   0.0000000E+00   0.0000000E+00
 27.485000   0.0000000E+00   0.0000000E+00   0.0000000E+00
