# n+239Pu
# Incident Energy =    8.90000
# Particle spectrum from Pre-equilibrium emission from 240P
# num energy points =  138
#  E (MeV)               g               n               p
  0.000000   0.0000000E+00   0.0000000E+00   0.0000000E+00
  0.199167   0.0000000E+00   0.4515023E-01   0.2385867E-08
  0.398333   0.0000000E+00   0.8049728E-01   0.2166344E-08
  0.597500   0.0000000E+00   0.1006755E+00   0.1971066E-08
  0.796667   0.0000000E+00   0.1250099E+00   0.1797042E-08
  0.995833   0.0000000E+00   0.1593209E+00   0.1641655E-08
  1.195000   0.0000000E+00   0.1900614E+00   0.1502616E-08
  1.394167   0.0000000E+00   0.2063507E+00   0.1377927E-08
  1.593333   0.0000000E+00   0.2111292E+00   0.1265842E-08
  1.792500   0.0000000E+00   0.2088726E+00   0.1164839E-08
  1.991667   0.0000000E+00   0.2024340E+00   0.1073457E-08
  2.190833   0.0000000E+00   0.1943509E+00   0.9906991E-09
  2.390000   0.0000000E+00   0.1862092E+00   0.9468543E-09
  2.589167   0.0000000E+00   0.1788742E+00   0.1299442E-08
  2.788333   0.0000000E+00   0.1723411E+00   0.4254588E-08
  2.987500   0.0000000E+00   0.1663332E+00   0.2136794E-07
  3.186667   0.0000000E+00   0.1606840E+00   0.1035449E-06
  3.385833   0.0000000E+00   0.1552906E+00   0.4411625E-06
  3.585000   0.0000000E+00   0.1501277E+00   0.1645709E-05
  3.784167   0.0000000E+00   0.1451807E+00   0.5459561E-05
  3.983333   0.0000000E+00   0.1404627E+00   0.1635114E-04
  4.182500   0.0000000E+00   0.1359914E+00   0.4476592E-04
  4.381667   0.0000000E+00   0.1317670E+00   0.1133948E-03
  4.580833   0.0000000E+00   0.1277373E+00   0.2670390E-03
  4.780000   0.0000000E+00   0.1238695E+00   0.5877496E-03
  4.979167   0.0000000E+00   0.1201589E+00   0.1220254E-02
  5.178333   0.0000000E+00   0.1165524E+00   0.2397912E-02
  5.377500   0.0000000E+00   0.1129605E+00   0.4639319E-02
  5.576667   0.0000000E+00   0.1093090E+00   0.4108931E-01
  5.775833   0.0000000E+00   0.1054966E+00   0.5903218E-01
  5.975000   0.0000000E+00   0.1013884E+00   0.8162622E-01
  6.174167   0.0000000E+00   0.9685657E-01   0.1188900E+00
  6.373333   0.0000000E+00   0.9180603E-01   0.1664954E+00
  6.572500   0.0000000E+00   0.8612485E-01   0.2386873E+00
  6.771667   0.0000000E+00   0.7976445E-01   0.3036634E+00
  6.970833   0.0000000E+00   0.7267359E-01   0.4129206E+00
  7.170000   0.0000000E+00   0.6482264E-01   0.5418523E+00
  7.369167   0.0000000E+00   0.5622269E-01   0.6764917E+00
  7.568333   0.0000000E+00   0.4674991E-01   0.7844299E+00
  7.767500   0.0000000E+00   0.3638981E-01   0.8337014E+00
  7.966667   0.0000000E+00   0.2492282E-01   0.7527463E+00
  8.165833   0.0000000E+00   0.0000000E+00   0.0000000E+00
  8.365000   0.0000000E+00   0.0000000E+00   0.0000000E+00
  8.564167   0.0000000E+00   0.0000000E+00   0.0000000E+00
  8.763333   0.0000000E+00   0.0000000E+00   0.0000000E+00
  8.962500   0.0000000E+00   0.0000000E+00   0.0000000E+00
  9.161667   0.0000000E+00   0.0000000E+00   0.0000000E+00
  9.360833   0.0000000E+00   0.0000000E+00   0.0000000E+00
  9.560000   0.0000000E+00   0.0000000E+00   0.0000000E+00
  9.759167   0.0000000E+00   0.0000000E+00   0.0000000E+00
  9.958333   0.0000000E+00   0.0000000E+00   0.0000000E+00
 10.157500   0.0000000E+00   0.0000000E+00   0.0000000E+00
 10.356667   0.0000000E+00   0.0000000E+00   0.0000000E+00
 10.555833   0.0000000E+00   0.0000000E+00   0.0000000E+00
 10.755000   0.0000000E+00   0.0000000E+00   0.0000000E+00
 10.954167   0.0000000E+00   0.0000000E+00   0.0000000E+00
 11.153333   0.0000000E+00   0.0000000E+00   0.0000000E+00
 11.352500   0.0000000E+00   0.0000000E+00   0.0000000E+00
 11.551667   0.0000000E+00   0.0000000E+00   0.0000000E+00
 11.750833   0.0000000E+00   0.0000000E+00   0.0000000E+00
 11.950000   0.0000000E+00   0.0000000E+00   0.0000000E+00
 12.149167   0.0000000E+00   0.0000000E+00   0.0000000E+00
 12.348333   0.0000000E+00   0.0000000E+00   0.0000000E+00
 12.547500   0.0000000E+00   0.0000000E+00   0.0000000E+00
 12.746667   0.0000000E+00   0.0000000E+00   0.0000000E+00
 12.945833   0.0000000E+00   0.0000000E+00   0.0000000E+00
 13.145000   0.0000000E+00   0.0000000E+00   0.0000000E+00
 13.344167   0.0000000E+00   0.0000000E+00   0.0000000E+00
 13.543333   0.0000000E+00   0.0000000E+00   0.0000000E+00
 13.742500   0.0000000E+00   0.0000000E+00   0.0000000E+00
 13.941667   0.0000000E+00   0.0000000E+00   0.0000000E+00
 14.140833   0.0000000E+00   0.0000000E+00   0.0000000E+00
 14.340000   0.0000000E+00   0.0000000E+00   0.0000000E+00
 14.539167   0.0000000E+00   0.0000000E+00   0.0000000E+00
 14.738333   0.0000000E+00   0.0000000E+00   0.0000000E+00
 14.937500   0.0000000E+00   0.0000000E+00   0.0000000E+00
 15.136667   0.0000000E+00   0.0000000E+00   0.0000000E+00
 15.335833   0.0000000E+00   0.0000000E+00   0.0000000E+00
 15.535000   0.0000000E+00   0.0000000E+00   0.0000000E+00
 15.734167   0.0000000E+00   0.0000000E+00   0.0000000E+00
 15.933333   0.0000000E+00   0.0000000E+00   0.0000000E+00
 16.132500   0.0000000E+00   0.0000000E+00   0.0000000E+00
 16.331667   0.0000000E+00   0.0000000E+00   0.0000000E+00
 16.530833   0.0000000E+00   0.0000000E+00   0.0000000E+00
 16.730000   0.0000000E+00   0.0000000E+00   0.0000000E+00
 16.929167   0.0000000E+00   0.0000000E+00   0.0000000E+00
 17.128333   0.0000000E+00   0.0000000E+00   0.0000000E+00
 17.327500   0.0000000E+00   0.0000000E+00   0.0000000E+00
 17.526667   0.0000000E+00   0.0000000E+00   0.0000000E+00
 17.725833   0.0000000E+00   0.0000000E+00   0.0000000E+00
 17.925000   0.0000000E+00   0.0000000E+00   0.0000000E+00
 18.124167   0.0000000E+00   0.0000000E+00   0.0000000E+00
 18.323333   0.0000000E+00   0.0000000E+00   0.0000000E+00
 18.522500   0.0000000E+00   0.0000000E+00   0.0000000E+00
 18.721667   0.0000000E+00   0.0000000E+00   0.0000000E+00
 18.920833   0.0000000E+00   0.0000000E+00   0.0000000E+00
 19.120000   0.0000000E+00   0.0000000E+00   0.0000000E+00
 19.319167   0.0000000E+00   0.0000000E+00   0.0000000E+00
 19.518333   0.0000000E+00   0.0000000E+00   0.0000000E+00
 19.717500   0.0000000E+00   0.0000000E+00   0.0000000E+00
 19.916667   0.0000000E+00   0.0000000E+00   0.0000000E+00
 20.115833   0.0000000E+00   0.0000000E+00   0.0000000E+00
 20.315000   0.0000000E+00   0.0000000E+00   0.0000000E+00
 20.514167   0.0000000E+00   0.0000000E+00   0.0000000E+00
 20.713333   0.0000000E+00   0.0000000E+00   0.0000000E+00
 20.912500   0.0000000E+00   0.0000000E+00   0.0000000E+00
 21.111667   0.0000000E+00   0.0000000E+00   0.0000000E+00
 21.310833   0.0000000E+00   0.0000000E+00   0.0000000E+00
 21.510000   0.0000000E+00   0.0000000E+00   0.0000000E+00
 21.709167   0.0000000E+00   0.0000000E+00   0.0000000E+00
 21.908333   0.0000000E+00   0.0000000E+00   0.0000000E+00
 22.107500   0.0000000E+00   0.0000000E+00   0.0000000E+00
 22.306667   0.0000000E+00   0.0000000E+00   0.0000000E+00
 22.505833   0.0000000E+00   0.0000000E+00   0.0000000E+00
 22.705000   0.0000000E+00   0.0000000E+00   0.0000000E+00
 22.904167   0.0000000E+00   0.0000000E+00   0.0000000E+00
 23.103333   0.0000000E+00   0.0000000E+00   0.0000000E+00
 23.302500   0.0000000E+00   0.0000000E+00   0.0000000E+00
 23.501667   0.0000000E+00   0.0000000E+00   0.0000000E+00
 23.700833   0.0000000E+00   0.0000000E+00   0.0000000E+00
 23.900000   0.0000000E+00   0.0000000E+00   0.0000000E+00
 24.099167   0.0000000E+00   0.0000000E+00   0.0000000E+00
 24.298333   0.0000000E+00   0.0000000E+00   0.0000000E+00
 24.497500   0.0000000E+00   0.0000000E+00   0.0000000E+00
 24.696667   0.0000000E+00   0.0000000E+00   0.0000000E+00
 24.895833   0.0000000E+00   0.0000000E+00   0.0000000E+00
 25.095000   0.0000000E+00   0.0000000E+00   0.0000000E+00
 25.294167   0.0000000E+00   0.0000000E+00   0.0000000E+00
 25.493333   0.0000000E+00   0.0000000E+00   0.0000000E+00
 25.692500   0.0000000E+00   0.0000000E+00   0.0000000E+00
 25.891667   0.0000000E+00   0.0000000E+00   0.0000000E+00
 26.090833   0.0000000E+00   0.0000000E+00   0.0000000E+00
 26.290000   0.0000000E+00   0.0000000E+00   0.0000000E+00
 26.489167   0.0000000E+00   0.0000000E+00   0.0000000E+00
 26.688333   0.0000000E+00   0.0000000E+00   0.0000000E+00
 26.887500   0.0000000E+00   0.0000000E+00   0.0000000E+00
 27.086667   0.0000000E+00   0.0000000E+00   0.0000000E+00
 27.285833   0.0000000E+00   0.0000000E+00   0.0000000E+00
 27.485000   0.0000000E+00   0.0000000E+00   0.0000000E+00
