# n+239Pu
# Incident Energy =   10.70000
# Particle spectrum from Pre-equilibrium emission from 240P
# num energy points =  138
#  E (MeV)               g               n               p
  0.000000   0.0000000E+00   0.0000000E+00   0.0000000E+00
  0.199167   0.0000000E+00   0.3577814E-01   0.1831728E-09
  0.398333   0.0000000E+00   0.6428092E-01   0.1674577E-09
  0.597500   0.0000000E+00   0.8096258E-01   0.1533198E-09
  0.796667   0.0000000E+00   0.1011811E+00   0.1405894E-09
  0.995833   0.0000000E+00   0.1297113E+00   0.1291148E-09
  1.195000   0.0000000E+00   0.1555719E+00   0.1187605E-09
  1.394167   0.0000000E+00   0.1697411E+00   0.1094053E-09
  1.593333   0.0000000E+00   0.1744693E+00   0.1009413E-09
  1.792500   0.0000000E+00   0.1733461E+00   0.9327234E-10
  1.991667   0.0000000E+00   0.1686933E+00   0.8630241E-10
  2.190833   0.0000000E+00   0.1626059E+00   0.7996836E-10
  2.390000   0.0000000E+00   0.1564138E+00   0.7673890E-10
  2.589167   0.0000000E+00   0.1508592E+00   0.1057533E-09
  2.788333   0.0000000E+00   0.1459569E+00   0.3477606E-09
  2.987500   0.0000000E+00   0.1414901E+00   0.1754623E-08
  3.186667   0.0000000E+00   0.1373308E+00   0.8544643E-08
  3.385833   0.0000000E+00   0.1334025E+00   0.3660055E-07
  3.585000   0.0000000E+00   0.1296945E+00   0.1373353E-06
  3.784167   0.0000000E+00   0.1262024E+00   0.4585449E-06
  3.983333   0.0000000E+00   0.1229478E+00   0.1383133E-05
  4.182500   0.0000000E+00   0.1199599E+00   0.3816811E-05
  4.381667   0.0000000E+00   0.1172429E+00   0.9754056E-05
  4.580833   0.0000000E+00   0.1147702E+00   0.2319868E-04
  4.780000   0.0000000E+00   0.1125265E+00   0.5163154E-04
  4.979167   0.0000000E+00   0.1105241E+00   0.1085505E-03
  5.178333   0.0000000E+00   0.1087342E+00   0.2163733E-03
  5.377500   0.0000000E+00   0.1070961E+00   0.4254750E-03
  5.576667   0.0000000E+00   0.1055642E+00   0.3839022E-02
  5.775833   0.0000000E+00   0.1040687E+00   0.5634827E-02
  5.975000   0.0000000E+00   0.1025046E+00   0.7987562E-02
  6.174167   0.0000000E+00   0.1007797E+00   0.1197783E-01
  6.373333   0.0000000E+00   0.9880486E-01   0.1736045E-01
  6.572500   0.0000000E+00   0.9649850E-01   0.2593373E-01
  6.771667   0.0000000E+00   0.9383043E-01   0.3468619E-01
  6.970833   0.0000000E+00   0.9076844E-01   0.5018211E-01
  7.170000   0.0000000E+00   0.8731183E-01   0.7124284E-01
  7.369167   0.0000000E+00   0.8353762E-01   0.9862087E-01
  7.568333   0.0000000E+00   0.7942324E-01   0.1318506E+00
  7.767500   0.0000000E+00   0.7501916E-01   0.1727409E+00
  7.966667   0.0000000E+00   0.7035713E-01   0.2214137E+00
  8.165833   0.0000000E+00   0.6543520E-01   0.2762754E+00
  8.365000   0.0000000E+00   0.6029161E-01   0.3378001E+00
  8.564167   0.0000000E+00   0.5491301E-01   0.4033881E+00
  8.763333   0.0000000E+00   0.4928610E-01   0.4691379E+00
  8.962500   0.0000000E+00   0.4340056E-01   0.5280199E+00
  9.161667   0.0000000E+00   0.3721344E-01   0.5709599E+00
  9.360833   0.0000000E+00   0.3065221E-01   0.5846489E+00
  9.560000   0.0000000E+00   0.2366836E-01   0.5515291E+00
  9.759167   0.0000000E+00   0.1609819E-01   0.4448497E+00
  9.958333   0.0000000E+00   0.0000000E+00   0.0000000E+00
 10.157500   0.0000000E+00   0.0000000E+00   0.0000000E+00
 10.356667   0.0000000E+00   0.0000000E+00   0.0000000E+00
 10.555833   0.0000000E+00   0.0000000E+00   0.0000000E+00
 10.755000   0.0000000E+00   0.0000000E+00   0.0000000E+00
 10.954167   0.0000000E+00   0.0000000E+00   0.0000000E+00
 11.153333   0.0000000E+00   0.0000000E+00   0.0000000E+00
 11.352500   0.0000000E+00   0.0000000E+00   0.0000000E+00
 11.551667   0.0000000E+00   0.0000000E+00   0.0000000E+00
 11.750833   0.0000000E+00   0.0000000E+00   0.0000000E+00
 11.950000   0.0000000E+00   0.0000000E+00   0.0000000E+00
 12.149167   0.0000000E+00   0.0000000E+00   0.0000000E+00
 12.348333   0.0000000E+00   0.0000000E+00   0.0000000E+00
 12.547500   0.0000000E+00   0.0000000E+00   0.0000000E+00
 12.746667   0.0000000E+00   0.0000000E+00   0.0000000E+00
 12.945833   0.0000000E+00   0.0000000E+00   0.0000000E+00
 13.145000   0.0000000E+00   0.0000000E+00   0.0000000E+00
 13.344167   0.0000000E+00   0.0000000E+00   0.0000000E+00
 13.543333   0.0000000E+00   0.0000000E+00   0.0000000E+00
 13.742500   0.0000000E+00   0.0000000E+00   0.0000000E+00
 13.941667   0.0000000E+00   0.0000000E+00   0.0000000E+00
 14.140833   0.0000000E+00   0.0000000E+00   0.0000000E+00
 14.340000   0.0000000E+00   0.0000000E+00   0.0000000E+00
 14.539167   0.0000000E+00   0.0000000E+00   0.0000000E+00
 14.738333   0.0000000E+00   0.0000000E+00   0.0000000E+00
 14.937500   0.0000000E+00   0.0000000E+00   0.0000000E+00
 15.136667   0.0000000E+00   0.0000000E+00   0.0000000E+00
 15.335833   0.0000000E+00   0.0000000E+00   0.0000000E+00
 15.535000   0.0000000E+00   0.0000000E+00   0.0000000E+00
 15.734167   0.0000000E+00   0.0000000E+00   0.0000000E+00
 15.933333   0.0000000E+00   0.0000000E+00   0.0000000E+00
 16.132500   0.0000000E+00   0.0000000E+00   0.0000000E+00
 16.331667   0.0000000E+00   0.0000000E+00   0.0000000E+00
 16.530833   0.0000000E+00   0.0000000E+00   0.0000000E+00
 16.730000   0.0000000E+00   0.0000000E+00   0.0000000E+00
 16.929167   0.0000000E+00   0.0000000E+00   0.0000000E+00
 17.128333   0.0000000E+00   0.0000000E+00   0.0000000E+00
 17.327500   0.0000000E+00   0.0000000E+00   0.0000000E+00
 17.526667   0.0000000E+00   0.0000000E+00   0.0000000E+00
 17.725833   0.0000000E+00   0.0000000E+00   0.0000000E+00
 17.925000   0.0000000E+00   0.0000000E+00   0.0000000E+00
 18.124167   0.0000000E+00   0.0000000E+00   0.0000000E+00
 18.323333   0.0000000E+00   0.0000000E+00   0.0000000E+00
 18.522500   0.0000000E+00   0.0000000E+00   0.0000000E+00
 18.721667   0.0000000E+00   0.0000000E+00   0.0000000E+00
 18.920833   0.0000000E+00   0.0000000E+00   0.0000000E+00
 19.120000   0.0000000E+00   0.0000000E+00   0.0000000E+00
 19.319167   0.0000000E+00   0.0000000E+00   0.0000000E+00
 19.518333   0.0000000E+00   0.0000000E+00   0.0000000E+00
 19.717500   0.0000000E+00   0.0000000E+00   0.0000000E+00
 19.916667   0.0000000E+00   0.0000000E+00   0.0000000E+00
 20.115833   0.0000000E+00   0.0000000E+00   0.0000000E+00
 20.315000   0.0000000E+00   0.0000000E+00   0.0000000E+00
 20.514167   0.0000000E+00   0.0000000E+00   0.0000000E+00
 20.713333   0.0000000E+00   0.0000000E+00   0.0000000E+00
 20.912500   0.0000000E+00   0.0000000E+00   0.0000000E+00
 21.111667   0.0000000E+00   0.0000000E+00   0.0000000E+00
 21.310833   0.0000000E+00   0.0000000E+00   0.0000000E+00
 21.510000   0.0000000E+00   0.0000000E+00   0.0000000E+00
 21.709167   0.0000000E+00   0.0000000E+00   0.0000000E+00
 21.908333   0.0000000E+00   0.0000000E+00   0.0000000E+00
 22.107500   0.0000000E+00   0.0000000E+00   0.0000000E+00
 22.306667   0.0000000E+00   0.0000000E+00   0.0000000E+00
 22.505833   0.0000000E+00   0.0000000E+00   0.0000000E+00
 22.705000   0.0000000E+00   0.0000000E+00   0.0000000E+00
 22.904167   0.0000000E+00   0.0000000E+00   0.0000000E+00
 23.103333   0.0000000E+00   0.0000000E+00   0.0000000E+00
 23.302500   0.0000000E+00   0.0000000E+00   0.0000000E+00
 23.501667   0.0000000E+00   0.0000000E+00   0.0000000E+00
 23.700833   0.0000000E+00   0.0000000E+00   0.0000000E+00
 23.900000   0.0000000E+00   0.0000000E+00   0.0000000E+00
 24.099167   0.0000000E+00   0.0000000E+00   0.0000000E+00
 24.298333   0.0000000E+00   0.0000000E+00   0.0000000E+00
 24.497500   0.0000000E+00   0.0000000E+00   0.0000000E+00
 24.696667   0.0000000E+00   0.0000000E+00   0.0000000E+00
 24.895833   0.0000000E+00   0.0000000E+00   0.0000000E+00
 25.095000   0.0000000E+00   0.0000000E+00   0.0000000E+00
 25.294167   0.0000000E+00   0.0000000E+00   0.0000000E+00
 25.493333   0.0000000E+00   0.0000000E+00   0.0000000E+00
 25.692500   0.0000000E+00   0.0000000E+00   0.0000000E+00
 25.891667   0.0000000E+00   0.0000000E+00   0.0000000E+00
 26.090833   0.0000000E+00   0.0000000E+00   0.0000000E+00
 26.290000   0.0000000E+00   0.0000000E+00   0.0000000E+00
 26.489167   0.0000000E+00   0.0000000E+00   0.0000000E+00
 26.688333   0.0000000E+00   0.0000000E+00   0.0000000E+00
 26.887500   0.0000000E+00   0.0000000E+00   0.0000000E+00
 27.086667   0.0000000E+00   0.0000000E+00   0.0000000E+00
 27.285833   0.0000000E+00   0.0000000E+00   0.0000000E+00
 27.485000   0.0000000E+00   0.0000000E+00   0.0000000E+00
