# n+239Pu
# Incident Energy =   15.10000
# Particle spectrum from Pre-equilibrium emission from 240P
# num energy points =  138
#  E (MeV)               g               n               p
  0.000000   0.0000000E+00   0.0000000E+00   0.0000000E+00
  0.199167   0.0000000E+00   0.2224227E-01   0.4802695E-11
  0.398333   0.0000000E+00   0.4067174E-01   0.4464087E-11
  0.597500   0.0000000E+00   0.5209073E-01   0.4151973E-11
  0.796667   0.0000000E+00   0.6613847E-01   0.3864253E-11
  0.995833   0.0000000E+00   0.8606491E-01   0.3598982E-11
  1.195000   0.0000000E+00   0.1046871E+00   0.3354362E-11
  1.394167   0.0000000E+00   0.1157422E+00   0.3128734E-11
  1.593333   0.0000000E+00   0.1204510E+00   0.2920563E-11
  1.792500   0.0000000E+00   0.1210747E+00   0.2728435E-11
  1.991667   0.0000000E+00   0.1191154E+00   0.2550736E-11
  2.190833   0.0000000E+00   0.1159966E+00   0.2386647E-11
  2.390000   0.0000000E+00   0.1126575E+00   0.2311462E-11
  2.589167   0.0000000E+00   0.1096478E+00   0.3213446E-11
  2.788333   0.0000000E+00   0.1070032E+00   0.1065614E-10
  2.987500   0.0000000E+00   0.1045874E+00   0.5420208E-10
  3.186667   0.0000000E+00   0.1023237E+00   0.2660381E-09
  3.385833   0.0000000E+00   0.1001706E+00   0.1148407E-08
  3.585000   0.0000000E+00   0.9813324E-01   0.4342351E-08
  3.784167   0.0000000E+00   0.9622216E-01   0.1461077E-07
  3.983333   0.0000000E+00   0.9446601E-01   0.4441757E-07
  4.182500   0.0000000E+00   0.9289962E-01   0.1235605E-06
  4.381667   0.0000000E+00   0.9153876E-01   0.3184046E-06
  4.580833   0.0000000E+00   0.9037517E-01   0.7639043E-06
  4.780000   0.0000000E+00   0.8940899E-01   0.1715854E-05
  4.979167   0.0000000E+00   0.8866271E-01   0.3642814E-05
  5.178333   0.0000000E+00   0.8812665E-01   0.7337463E-05
  5.377500   0.0000000E+00   0.8776524E-01   0.1459146E-04
  5.576667   0.0000000E+00   0.8755472E-01   0.1332683E-03
  5.775833   0.0000000E+00   0.8745064E-01   0.1982104E-03
  5.975000   0.0000000E+00   0.8737810E-01   0.2850515E-03
  6.174167   0.0000000E+00   0.8726643E-01   0.4342600E-03
  6.373333   0.0000000E+00   0.8704821E-01   0.6404371E-03
  6.572500   0.0000000E+00   0.8665587E-01   0.9752320E-03
  6.771667   0.0000000E+00   0.8606331E-01   0.1332374E-02
  6.970833   0.0000000E+00   0.8523940E-01   0.1973706E-02
  7.170000   0.0000000E+00   0.8417912E-01   0.2877023E-02
  7.369167   0.0000000E+00   0.8295239E-01   0.4102500E-02
  7.568333   0.0000000E+00   0.8153445E-01   0.5671556E-02
  7.767500   0.0000000E+00   0.7997361E-01   0.7718599E-02
  7.966667   0.0000000E+00   0.7830701E-01   0.1033416E-01
  8.165833   0.0000000E+00   0.7652942E-01   0.1356000E-01
  8.365000   0.0000000E+00   0.7469911E-01   0.1758304E-01
  8.564167   0.0000000E+00   0.7281682E-01   0.2250890E-01
  8.763333   0.0000000E+00   0.7088986E-01   0.2846271E-01
  8.962500   0.0000000E+00   0.6894388E-01   0.3550942E-01
  9.161667   0.0000000E+00   0.6697806E-01   0.4375105E-01
  9.360833   0.0000000E+00   0.6499894E-01   0.5326367E-01
  9.560000   0.0000000E+00   0.6302204E-01   0.6414673E-01
  9.759167   0.0000000E+00   0.6104220E-01   0.7643462E-01
  9.958333   0.0000000E+00   0.5905818E-01   0.9014241E-01
 10.157500   0.0000000E+00   0.5706916E-01   0.1052021E+00
 10.356667   0.0000000E+00   0.5506928E-01   0.1215112E+00
 10.555833   0.0000000E+00   0.5305314E-01   0.1389857E+00
 10.755000   0.0000000E+00   0.5101532E-01   0.1574502E+00
 10.954167   0.0000000E+00   0.4894869E-01   0.1763145E+00
 11.153333   0.0000000E+00   0.4684597E-01   0.1954249E+00
 11.352500   0.0000000E+00   0.4470106E-01   0.2144001E+00
 11.551667   0.0000000E+00   0.4250942E-01   0.2326868E+00
 11.750833   0.0000000E+00   0.4026804E-01   0.2494066E+00
 11.950000   0.0000000E+00   0.3796915E-01   0.2642431E+00
 12.149167   0.0000000E+00   0.3560788E-01   0.2766178E+00
 12.348333   0.0000000E+00   0.3318166E-01   0.2858331E+00
 12.547500   0.0000000E+00   0.3069386E-01   0.2909194E+00
 12.746667   0.0000000E+00   0.2813173E-01   0.2914850E+00
 12.945833   0.0000000E+00   0.2548868E-01   0.2869078E+00
 13.145000   0.0000000E+00   0.2275662E-01   0.2765673E+00
 13.344167   0.0000000E+00   0.1993541E-01   0.2597463E+00
 13.543333   0.0000000E+00   0.1700161E-01   0.2357893E+00
 13.742500   0.0000000E+00   0.1392670E-01   0.2038910E+00
 13.941667   0.0000000E+00   0.1068481E-01   0.1631830E+00
 14.140833   0.0000000E+00   0.7216785E-02   0.1122880E+00
 14.340000   0.0000000E+00   0.0000000E+00   0.0000000E+00
 14.539167   0.0000000E+00   0.0000000E+00   0.0000000E+00
 14.738333   0.0000000E+00   0.0000000E+00   0.0000000E+00
 14.937500   0.0000000E+00   0.0000000E+00   0.0000000E+00
 15.136667   0.0000000E+00   0.0000000E+00   0.0000000E+00
 15.335833   0.0000000E+00   0.0000000E+00   0.0000000E+00
 15.535000   0.0000000E+00   0.0000000E+00   0.0000000E+00
 15.734167   0.0000000E+00   0.0000000E+00   0.0000000E+00
 15.933333   0.0000000E+00   0.0000000E+00   0.0000000E+00
 16.132500   0.0000000E+00   0.0000000E+00   0.0000000E+00
 16.331667   0.0000000E+00   0.0000000E+00   0.0000000E+00
 16.530833   0.0000000E+00   0.0000000E+00   0.0000000E+00
 16.730000   0.0000000E+00   0.0000000E+00   0.0000000E+00
 16.929167   0.0000000E+00   0.0000000E+00   0.0000000E+00
 17.128333   0.0000000E+00   0.0000000E+00   0.0000000E+00
 17.327500   0.0000000E+00   0.0000000E+00   0.0000000E+00
 17.526667   0.0000000E+00   0.0000000E+00   0.0000000E+00
 17.725833   0.0000000E+00   0.0000000E+00   0.0000000E+00
 17.925000   0.0000000E+00   0.0000000E+00   0.0000000E+00
 18.124167   0.0000000E+00   0.0000000E+00   0.0000000E+00
 18.323333   0.0000000E+00   0.0000000E+00   0.0000000E+00
 18.522500   0.0000000E+00   0.0000000E+00   0.0000000E+00
 18.721667   0.0000000E+00   0.0000000E+00   0.0000000E+00
 18.920833   0.0000000E+00   0.0000000E+00   0.0000000E+00
 19.120000   0.0000000E+00   0.0000000E+00   0.0000000E+00
 19.319167   0.0000000E+00   0.0000000E+00   0.0000000E+00
 19.518333   0.0000000E+00   0.0000000E+00   0.0000000E+00
 19.717500   0.0000000E+00   0.0000000E+00   0.0000000E+00
 19.916667   0.0000000E+00   0.0000000E+00   0.0000000E+00
 20.115833   0.0000000E+00   0.0000000E+00   0.0000000E+00
 20.315000   0.0000000E+00   0.0000000E+00   0.0000000E+00
 20.514167   0.0000000E+00   0.0000000E+00   0.0000000E+00
 20.713333   0.0000000E+00   0.0000000E+00   0.0000000E+00
 20.912500   0.0000000E+00   0.0000000E+00   0.0000000E+00
 21.111667   0.0000000E+00   0.0000000E+00   0.0000000E+00
 21.310833   0.0000000E+00   0.0000000E+00   0.0000000E+00
 21.510000   0.0000000E+00   0.0000000E+00   0.0000000E+00
 21.709167   0.0000000E+00   0.0000000E+00   0.0000000E+00
 21.908333   0.0000000E+00   0.0000000E+00   0.0000000E+00
 22.107500   0.0000000E+00   0.0000000E+00   0.0000000E+00
 22.306667   0.0000000E+00   0.0000000E+00   0.0000000E+00
 22.505833   0.0000000E+00   0.0000000E+00   0.0000000E+00
 22.705000   0.0000000E+00   0.0000000E+00   0.0000000E+00
 22.904167   0.0000000E+00   0.0000000E+00   0.0000000E+00
 23.103333   0.0000000E+00   0.0000000E+00   0.0000000E+00
 23.302500   0.0000000E+00   0.0000000E+00   0.0000000E+00
 23.501667   0.0000000E+00   0.0000000E+00   0.0000000E+00
 23.700833   0.0000000E+00   0.0000000E+00   0.0000000E+00
 23.900000   0.0000000E+00   0.0000000E+00   0.0000000E+00
 24.099167   0.0000000E+00   0.0000000E+00   0.0000000E+00
 24.298333   0.0000000E+00   0.0000000E+00   0.0000000E+00
 24.497500   0.0000000E+00   0.0000000E+00   0.0000000E+00
 24.696667   0.0000000E+00   0.0000000E+00   0.0000000E+00
 24.895833   0.0000000E+00   0.0000000E+00   0.0000000E+00
 25.095000   0.0000000E+00   0.0000000E+00   0.0000000E+00
 25.294167   0.0000000E+00   0.0000000E+00   0.0000000E+00
 25.493333   0.0000000E+00   0.0000000E+00   0.0000000E+00
 25.692500   0.0000000E+00   0.0000000E+00   0.0000000E+00
 25.891667   0.0000000E+00   0.0000000E+00   0.0000000E+00
 26.090833   0.0000000E+00   0.0000000E+00   0.0000000E+00
 26.290000   0.0000000E+00   0.0000000E+00   0.0000000E+00
 26.489167   0.0000000E+00   0.0000000E+00   0.0000000E+00
 26.688333   0.0000000E+00   0.0000000E+00   0.0000000E+00
 26.887500   0.0000000E+00   0.0000000E+00   0.0000000E+00
 27.086667   0.0000000E+00   0.0000000E+00   0.0000000E+00
 27.285833   0.0000000E+00   0.0000000E+00   0.0000000E+00
 27.485000   0.0000000E+00   0.0000000E+00   0.0000000E+00
