\cite{gook}
Mass (A):  TKE (MeV): Average Neutron Multiplicity :	 Uncertainty
 91.       147.        1.74156    0.600922
 91.       149.        1.18051    0.329552
 91.       151.        1.80594    0.30711
 91.       153.        1.859      0.253679
 91.       155.        2.10186    0.231618
 91.       157.        2.04189    0.196297
 91.       159.        1.99694    0.163539
 91.       161.        1.72969    0.143177
 91.       163.        1.79521    0.133157
 91.       165.        1.44465    0.109811
 91.       167.        1.42838    0.105019
 91.       169.        1.19181    0.0927437
 91.       171.        1.17165    0.09337
 91.       173.        0.922831   0.0847928
 91.       175.        1.10044    0.100602
 91.       177.        0.937053   0.099514
 91.       179.        0.797462   0.103782
 91.       181.        0.750458   0.120588
 91.       183.        0.746084   0.144565
 91.       185.        0.372932   0.135433
 91.       187.        0.199096   0.115935
 92.       145.        3.07761    1.94645
 92.       147.        1.93259    0.676333
 92.       149.        1.88696    0.423889
 92.       151.        2.01568    0.32305
 92.       153.        2.01371    0.240592
 92.       155.        2.00682    0.201139
 92.       157.        2.04998    0.180467
 92.       159.        1.76937    0.142724
 92.       161.        1.76633    0.135433
 92.       163.        1.81232    0.122514
 92.       165.        1.73036    0.109093
 92.       167.        1.45474    0.0949664
 92.       169.        1.55138    0.0970449
 92.       171.        1.47077    0.0930459
 92.       173.        1.15802    0.0825798
 92.       175.        0.991917   0.081328
 92.       177.        0.886334   0.0833458
 92.       179.        0.748612   0.0854582
 92.       181.        0.703841   0.0952436
 92.       183.        0.882699   0.128135
 92.       185.        0.691072   0.156492
 92.       187.        0.283633   0.108481
 92.       191.        1.36593    0.574194
 93.       147.        1.44307    0.568444
 93.       149.        1.53849    0.36455
 93.       151.        1.94356    0.302982
 93.       153.        2.43358    0.278386
 93.       155.        1.8619     0.19361
 93.       157.        2.22012    0.186269
 93.       159.        1.93653    0.140656
 93.       161.        1.66719    0.119283
 93.       163.        1.79077    0.115365
 93.       165.        1.69443    0.0987797
 93.       167.        1.36835    0.0840393
 93.       169.        1.51964    0.0873112
 93.       171.        1.47084    0.0853457
 93.       173.        1.16799    0.0744012
 93.       175.        1.05295    0.0732604
 93.       177.        0.891243   0.0728967
 93.       179.        0.930654   0.0814371
 93.       181.        0.862347   0.0902537
 93.       183.        0.453809   0.0774632
 93.       185.        0.715824   0.12208
 93.       187.        0.804871   0.158427
 93.       189.        0.649803   0.230867
 94.       147.        0.866111   0.367281
 94.       149.        2.25599    0.452352
 94.       151.        2.07125    0.336775
 94.       153.        2.357      0.265191
 94.       155.        1.85919    0.186889
 94.       157.        2.41858    0.18694
 94.       159.        2.1406     0.145202
 94.       161.        1.92179    0.121356
 94.       163.        1.98563    0.11596
 94.       165.        1.98999    0.101294
 94.       167.        1.39967    0.0770523
 94.       169.        1.70891    0.0843924
 94.       171.        1.2692     0.0699895
 94.       173.        1.251      0.0691769
 94.       175.        1.11729    0.0665464
 94.       177.        1.13088    0.0720316
 94.       179.        0.825639   0.0653602
 94.       181.        0.956092   0.0811414
 94.       183.        0.672369   0.07848
 94.       185.        0.446307   0.073626
 94.       187.        0.453611   0.092946
 94.       189.        0.633065   0.160302
 94.       191.        0.144205   0.0837912
 95.       147.        2.32804    0.675783
 95.       149.        1.86635    0.386282
 95.       151.        2.06786    0.331751
 95.       153.        2.2451     0.256686
 95.       155.        2.21599    0.203971
 95.       157.        2.27232    0.171914
 95.       159.        2.07343    0.139983
 95.       161.        2.01697    0.118674
 95.       163.        2.03625    0.110143
 95.       165.        1.69437    0.0861785
 95.       167.        1.60099    0.0778071
 95.       169.        1.45791    0.0706203
 95.       171.        1.35406    0.065612
 95.       173.        1.32911    0.0641928
 95.       175.        1.16367    0.0591705
 95.       177.        1.0225     0.0592498
 95.       179.        1.00988    0.0624838
 95.       181.        0.948955   0.067706
 95.       183.        0.7439     0.0663226
 95.       185.        0.723122   0.0797886
 95.       187.        0.498878   0.079059
 95.       189.        0.542203   0.107532
 95.       191.        0.181082   0.0698939
 95.       193.        0.176301   0.0888393
 96.       147.        0.759553   0.319164
 96.       149.        3.38084    0.61078
 96.       151.        2.61556    0.35782
 96.       153.        2.77872    0.291038
 96.       155.        2.44521    0.210627
 96.       157.        2.35255    0.169108
 96.       159.        2.15649    0.137742
 96.       161.        2.02107    0.112
 96.       163.        1.91316    0.0975617
 96.       165.        1.76044    0.081471
 96.       167.        1.81086    0.0780252
 96.       169.        1.71619    0.0697006
 96.       171.        1.42537    0.0592836
 96.       173.        1.4133     0.0606648
 96.       175.        1.15173    0.0532671
 96.       177.        1.07201    0.0527462
 96.       179.        1.06192    0.0558077
 96.       181.        0.844349   0.0538229
 96.       183.        0.76749    0.0576025
 96.       185.        0.674355   0.0621565
 96.       187.        0.552621   0.0660554
 96.       189.        0.491321   0.0782761
 96.       191.        0.445514   0.0937482
 96.       193.        0.390084   0.113972
 97.       147.        1.97051    0.574195
 97.       149.        3.0031     0.534378
 97.       151.        2.56228    0.35598
 97.       153.        2.88038    0.287735
 97.       155.        2.36527    0.209522
 97.       157.        2.68936    0.180876
 97.       159.        2.17775    0.137128
 97.       161.        2.00871    0.109798
 97.       163.        2.17603    0.102522
 97.       165.        1.90575    0.0802507
 97.       167.        1.95897    0.0760214
 97.       169.        1.82244    0.0665641
 97.       171.        1.5129     0.055889
 97.       173.        1.25964    0.0498115
 97.       175.        1.30765    0.0511371
 97.       177.        1.06856    0.0464205
 97.       179.        0.989037   0.0471486
 97.       181.        0.940722   0.048493
 97.       183.        0.752407   0.0476015
 97.       185.        0.634117   0.0501076
 97.       187.        0.653637   0.0619663
 97.       189.        0.418379   0.0580631
 97.       191.        0.535106   0.0802904
 97.       193.        0.263609   0.0747869
 97.       195.        0.121766   0.0612248
 98.       145.        1.31694    0.696124
 98.       147.        1.45036    0.535104
 98.       149.        1.64463    0.377972
 98.       151.        2.7654     0.358712
 98.       153.        2.16558    0.244093
 98.       155.        2.53585    0.209691
 98.       157.        2.51992    0.172765
 98.       159.        2.14533    0.131387
 98.       161.        2.35251    0.118329
 98.       163.        2.10526    0.0952279
 98.       165.        2.17629    0.0833877
 98.       167.        1.953      0.0711959
 98.       169.        1.90515    0.0649716
 98.       171.        1.64155    0.055679
 98.       173.        1.47015    0.050081
 98.       175.        1.31928    0.0458599
 98.       177.        1.19085    0.0441031
 98.       179.        1.04183    0.0424886
 98.       181.        0.98044    0.0434844
 98.       183.        0.82485    0.0423638
 98.       185.        0.63455    0.0415084
 98.       187.        0.534818   0.0448173
 98.       189.        0.483409   0.0521543
 98.       191.        0.362647   0.0565493
 98.       193.        0.282648   0.0607013
 98.       195.        0.192189   0.0702676
 99.       145.        1.635      0.991595
 99.       147.        1.93492    0.673623
 99.       149.        2.75564    0.535038
 99.       151.        2.51555    0.356591
 99.       153.        2.875      0.30184
 99.       155.        2.45109    0.217726
 99.       157.        2.20398    0.165882
 99.       159.        2.24112    0.135814
 99.       161.        2.42552    0.119382
 99.       163.        2.31347    0.099127
 99.       165.        2.16576    0.0814663
 99.       167.        2.06467    0.0706339
 99.       169.        1.73627    0.0582424
 99.       171.        1.62932    0.0514908
 99.       173.        1.52578    0.0464929
 99.       175.        1.38529    0.0432456
 99.       177.        1.24306    0.0401171
 99.       179.        1.1404     0.0390913
 99.       181.        1.01786    0.0387617
 99.       183.        0.851497   0.0375646
 99.       185.        0.717001   0.0373354
 99.       187.        0.579812   0.0390965
 99.       189.        0.371429   0.0363134
 99.       191.        0.33195    0.041953
 99.       193.        0.240089   0.0450861
 99.       195.        0.136911   0.0397576
100.       145.        1.86258    0.984548
100.       147.        3.11189    0.958082
100.       149.        3.09412    0.630658
100.       151.        2.45129    0.375537
100.       153.        3.14181    0.333964
100.       155.        2.8817     0.234779
100.       157.        2.74925    0.186714
100.       159.        2.63471    0.148391
100.       161.        2.42644    0.121167
100.       163.        2.55816    0.105464
100.       165.        2.2558     0.082336
100.       167.        2.22273    0.0704999
100.       169.        1.97511    0.0594018
100.       171.        1.90975    0.0529881
100.       173.        1.5574     0.0437284
100.       175.        1.45346    0.0400756
100.       177.        1.37107    0.0385915
100.       179.        1.22342    0.0361766
100.       181.        1.06351    0.0344504
100.       183.        0.895776   0.0329994
100.       185.        0.839944   0.0352342
100.       187.        0.606485   0.0330577
100.       189.        0.521029   0.0355253
100.       191.        0.349436   0.0340631
100.       193.        0.390424   0.0444029
100.       195.        0.22302    0.0418531
100.       197.        0.20096    0.0609544
101.       145.        1.15547    0.696773
101.       147.        4.24831    1.03816
101.       149.        2.20555    0.524432
101.       151.        2.74962    0.395914
101.       153.        2.18113    0.264533
101.       155.        3.31908    0.276639
101.       157.        2.48505    0.181126
101.       159.        2.69442    0.152626
101.       161.        2.44789    0.11824
101.       163.        2.45273    0.0992405
101.       165.        2.39623    0.0836521
101.       167.        2.36096    0.0718829
101.       169.        2.14912    0.0611608
101.       171.        1.88152    0.0497092
101.       173.        1.85756    0.0453178
101.       175.        1.53492    0.038736
101.       177.        1.44691    0.0356664
101.       179.        1.29089    0.0334211
101.       181.        1.15394    0.0316705
101.       183.        1.02178    0.0306926
101.       185.        0.847652   0.0300555
101.       187.        0.711794   0.0298602
101.       189.        0.644952   0.0322697
101.       191.        0.445739   0.031684
101.       193.        0.412439   0.0374911
101.       195.        0.24966    0.0350886
101.       197.        0.0954562  0.0267155
101.       199.        0.237478   0.0638256
102.       147.        3.03655    0.915578
102.       149.        2.43131    0.532863
102.       151.        2.74575    0.413468
102.       153.        2.8486     0.33156
102.       155.        2.72637    0.24069
102.       157.        2.95635    0.20954
102.       159.        3.14357    0.169911
102.       161.        2.5141     0.120607
102.       163.        2.42166    0.0952067
102.       165.        2.44379    0.0828949
102.       167.        2.17259    0.0675715
102.       169.        2.105      0.0590467
102.       171.        2.11485    0.0523609
102.       173.        1.96576    0.0450661
102.       175.        1.70366    0.0387653
102.       177.        1.59239    0.0353547
102.       179.        1.39336    0.0322187
102.       181.        1.31895    0.0303912
102.       183.        1.08297    0.0280129
102.       185.        0.953516   0.0275857
102.       187.        0.858754   0.0287813
102.       189.        0.728058   0.0288817
102.       191.        0.602489   0.0306791
102.       193.        0.480252   0.033042
102.       195.        0.297186   0.0311662
102.       197.        0.20712    0.03533
102.       199.        0.155873   0.039774
102.       201.        0.135955   0.0568383
103.       145.        1.26495    0.771303
103.       147.        2.64628    0.819821
103.       149.        2.13661    0.500325
103.       151.        3.76827    0.544713
103.       153.        2.56782    0.323921
103.       155.        3.22139    0.283907
103.       157.        2.75625    0.196263
103.       159.        2.93795    0.165491
103.       161.        2.75185    0.127977
103.       163.        2.83191    0.108103
103.       165.        2.56354    0.084294
103.       167.        2.49641    0.0734828
103.       169.        2.46129    0.0643
103.       171.        2.19664    0.0520745
103.       173.        2.09682    0.0459992
103.       175.        1.80599    0.0381322
103.       177.        1.71063    0.0345202
103.       179.        1.53691    0.0315069
103.       181.        1.36401    0.0284681
103.       183.        1.22061    0.0270691
103.       185.        1.07838    0.0265723
103.       187.        0.942598   0.0263497
103.       189.        0.811509   0.0265093
103.       191.        0.593727   0.0257629
103.       193.        0.505806   0.0283873
103.       195.        0.391326   0.0296645
103.       197.        0.313396   0.0350811
103.       199.        0.11708    0.0281469
103.       201.        0.0528608  0.0264903
104.       145.        3.50041    1.54657
104.       147.        3.05904    1.09791
104.       149.        2.68319    0.648022
104.       151.        2.89273    0.516789
104.       153.        2.93436    0.380833
104.       155.        3.28949    0.291328
104.       157.        3.07694    0.223254
104.       159.        3.22682    0.184656
104.       161.        2.77686    0.134433
104.       163.        2.89527    0.115277
104.       165.        2.79415    0.0928512
104.       167.        2.52404    0.0741775
104.       169.        2.43769    0.0629184
104.       171.        2.39159    0.0543783
104.       173.        2.12867    0.0450301
104.       175.        2.14331    0.0419107
104.       177.        1.91312    0.0354786
104.       179.        1.70914    0.0315838
104.       181.        1.53614    0.028671
104.       183.        1.38081    0.0264254
104.       185.        1.24949    0.0257458
104.       187.        1.09808    0.0252706
104.       189.        0.927546   0.0249132
104.       191.        0.798267   0.0258803
104.       193.        0.637136   0.0270941
104.       195.        0.486753   0.0278907
104.       197.        0.286278   0.0268223
104.       199.        0.157781   0.0256073
104.       201.        0.13013    0.033985
104.       203.        0.0561581  0.0324993
105.       147.        3.18581    1.09769
105.       149.        3.18067    0.843288
105.       151.        4.16342    0.63475
105.       153.        3.3806     0.419557
105.       155.        3.37342    0.337072
105.       157.        3.17507    0.248321
105.       159.        3.05717    0.181706
105.       161.        3.20824    0.155184
105.       163.        2.95969    0.120199
105.       165.        2.97693    0.100853
105.       167.        2.75115    0.0795048
105.       169.        2.62312    0.0661633
105.       171.        2.51739    0.056087
105.       173.        2.26087    0.0465434
105.       175.        2.19789    0.0415575
105.       177.        2.11384    0.0370882
105.       179.        1.89514    0.0322569
105.       181.        1.72221    0.0292266
105.       183.        1.54783    0.0266387
105.       185.        1.46527    0.0263265
105.       187.        1.21504    0.0239644
105.       189.        1.1141     0.0244926
105.       191.        0.969067   0.0252232
105.       193.        0.764951   0.0249274
105.       195.        0.605993   0.0260846
105.       197.        0.473251   0.0284393
105.       199.        0.263397   0.0263657
105.       201.        0.154777   0.0286371
106.       145.        1.62198    0.998257
106.       147.        1.2283     0.575114
106.       149.        2.90028    0.727612
106.       151.        3.07069    0.550411
106.       153.        2.91425    0.405557
106.       155.        2.44513    0.274438
106.       157.        3.22629    0.264495
106.       159.        3.06087    0.202341
106.       161.        3.08332    0.157169
106.       163.        2.99115    0.127556
106.       165.        2.93634    0.102316
106.       167.        2.96114    0.0863661
106.       169.        2.69686    0.0671448
106.       171.        2.70447    0.0595726
106.       173.        2.55058    0.0503815
106.       175.        2.38907    0.0432134
106.       177.        2.22461    0.0374896
106.       179.        2.01888    0.0328467
106.       181.        1.93847    0.030388
106.       183.        1.81387    0.0281276
106.       185.        1.59302    0.0259386
106.       187.        1.43196    0.024774
106.       189.        1.24352    0.023471
106.       191.        1.09597    0.0236995
106.       193.        0.995163   0.0256309
106.       195.        0.797579   0.0262856
106.       197.        0.648896   0.0284693
106.       199.        0.412887   0.027354
106.       201.        0.259855   0.0299433
106.       203.        0.124917   0.0282988
106.       205.        0.0343038  0.0198369
107.       145.        1.65648    1.02559
107.       147.        1.69019    0.903444
107.       149.        2.72488    0.816342
107.       151.        3.71411    0.670506
107.       153.        3.4574     0.501305
107.       155.        2.84846    0.326275
107.       157.        3.35704    0.29171
107.       159.        3.01314    0.206744
107.       161.        3.4894     0.182583
107.       163.        3.385      0.143364
107.       165.        3.03399    0.107159
107.       167.        3.03442    0.08912
107.       169.        2.92       0.0743803
107.       171.        2.75467    0.0624378
107.       173.        2.77831    0.0544827
107.       175.        2.63348    0.0463541
107.       177.        2.3973     0.039112
107.       179.        2.25826    0.0347128
107.       181.        2.18029    0.0321806
107.       183.        1.9903     0.0291348
107.       185.        1.78889    0.0266769
107.       187.        1.63069    0.0256692
107.       189.        1.50579    0.025244
107.       191.        1.23883    0.024025
107.       193.        1.08692    0.0246469
107.       195.        0.94836    0.0264671
107.       197.        0.792296   0.0285778
107.       199.        0.66388    0.0321004
107.       201.        0.406171   0.0321334
107.       203.        0.227315   0.0324396
107.       205.        0.149947   0.0401369
107.       207.        0.117714   0.0681545
108.       147.        2.25649    1.38877
108.       149.        2.44761    0.904
108.       151.        2.65083    0.584858
108.       153.        3.6128     0.583605
108.       155.        3.84716    0.435575
108.       157.        3.77221    0.327403
108.       159.        3.24451    0.235725
108.       161.        3.17351    0.180779
108.       163.        3.33307    0.151194
108.       165.        3.20197    0.114042
108.       167.        3.18966    0.0954598
108.       169.        3.01362    0.0790299
108.       171.        2.9329     0.0671174
108.       173.        2.78084    0.0566979
108.       175.        2.67602    0.0483712
108.       177.        2.59306    0.0419333
108.       179.        2.38162    0.0364747
108.       181.        2.28724    0.0332305
108.       183.        2.14257    0.0303709
108.       185.        1.9299     0.0276389
108.       187.        1.77995    0.0264863
108.       189.        1.60893    0.0255221
108.       191.        1.39301    0.0249001
108.       193.        1.24157    0.0254588
108.       195.        1.01259    0.0260274
108.       197.        0.873932   0.0286657
108.       199.        0.660859   0.0299426
108.       201.        0.566919   0.0366595
108.       203.        0.29426    0.0344724
108.       205.        0.147881   0.0358321
108.       207.        0.191527   0.0706168
109.       145.        2.16672    1.35119
109.       147.        0.853086   0.509421
109.       149.        4.01573    1.04504
109.       151.        2.55205    0.665775
109.       153.        3.43972    0.6113
109.       155.        3.02997    0.403793
109.       157.        3.91914    0.362743
109.       159.        3.54858    0.268995
109.       161.        3.68267    0.214751
109.       163.        3.19185    0.153337
109.       165.        3.40678    0.125981
109.       167.        3.3528     0.10264
109.       169.        3.29619    0.0874021
109.       171.        3.15293    0.0728878
109.       173.        2.91692    0.0606808
109.       175.        2.85219    0.0528302
109.       177.        2.74646    0.0458865
109.       179.        2.65036    0.0408058
109.       181.        2.47153    0.0359119
109.       183.        2.28859    0.0322252
109.       185.        2.18299    0.0301636
109.       187.        1.93491    0.0280099
109.       189.        1.76028    0.0268983
109.       191.        1.57639    0.0265935
109.       193.        1.31542    0.0261374
109.       195.        1.16078    0.0272154
109.       197.        0.967628   0.0290288
109.       199.        0.908473   0.0344206
109.       201.        0.594136   0.0345423
109.       203.        0.45988    0.040165
109.       205.        0.24218    0.0410197
109.       207.        0.165656   0.0513109
109.       209.        0.0959283  0.0556048
110.       147.        1.26724    0.66532
110.       149.        1.91386    0.705014
110.       151.        3.91365    0.872432
110.       153.        3.50895    0.622158
110.       155.        4.05952    0.534026
110.       157.        3.99481    0.408001
110.       159.        3.71094    0.292402
110.       161.        3.70506    0.227685
110.       163.        4.07962    0.189862
110.       165.        3.40762    0.136952
110.       167.        3.51173    0.114815
110.       169.        3.41126    0.0933403
110.       171.        3.22622    0.0766899
110.       173.        3.14069    0.066513
110.       175.        3.12225    0.0582073
110.       177.        2.89825    0.0502848
110.       179.        2.82163    0.0449464
110.       181.        2.6684     0.0394326
110.       183.        2.42295    0.0349865
110.       185.        2.2456     0.0318094
110.       187.        2.11929    0.0304211
110.       189.        1.96947    0.0291597
110.       191.        1.71208    0.0278476
110.       193.        1.54959    0.0283522
110.       195.        1.33054    0.0287341
110.       197.        1.11283    0.0301012
110.       199.        0.92384    0.0324974
110.       201.        0.72955    0.0357241
110.       203.        0.71393    0.0463907
110.       205.        0.372139   0.04509
110.       207.        0.103937   0.0338321
110.       209.        0.0860914  0.0386674
111.       145.        1.96554    1.20655
111.       147.        1.67797    0.886966
111.       149.        2.16146    1.03338
111.       151.        3.51403    0.804172
111.       153.        4.47009    0.759657
111.       155.        4.31959    0.564907
111.       157.        3.65143    0.388622
111.       159.        3.89716    0.325555
111.       161.        3.59766    0.232356
111.       163.        3.5045     0.184262
111.       165.        3.75173    0.156698
111.       167.        3.44207    0.123848
111.       169.        3.41209    0.0999375
111.       171.        3.30951    0.0821391
111.       173.        3.06525    0.0685765
111.       175.        3.1361     0.0611045
111.       177.        3.00154    0.0532292
111.       179.        2.82542    0.046855
111.       181.        2.7636     0.0422811
111.       183.        2.60805    0.0385876
111.       185.        2.47976    0.0356583
111.       187.        2.29571    0.0331221
111.       189.        2.15735    0.0317607
111.       191.        1.92752    0.0301951
111.       193.        1.79473    0.0306476
111.       195.        1.56875    0.0309815
111.       197.        1.36386    0.0323432
111.       199.        1.21192    0.035821
111.       201.        0.990149   0.0388971
111.       203.        0.770244   0.0422537
111.       205.        0.60619    0.0506889
111.       207.        0.293527   0.0479843
111.       209.        0.21218    0.0593588
112.       145.        2.324      1.4344
112.       147.        3.02708    1.49367
112.       149.        2.75402    0.928913
112.       151.        3.54933    0.854372
112.       153.        3.96372    0.753192
112.       155.        5.00279    0.688281
112.       157.        3.54135    0.403279
112.       159.        4.53493    0.378371
112.       161.        3.43619    0.24088
112.       163.        3.55861    0.199152
112.       165.        3.63129    0.163383
112.       167.        3.52598    0.138181
112.       169.        3.54722    0.112288
112.       171.        3.4508     0.0923319
112.       173.        3.37362    0.0781109
112.       175.        3.27632    0.06759
112.       177.        3.19817    0.058523
112.       179.        3.06043    0.0518125
112.       181.        2.89873    0.0456708
112.       183.        2.74981    0.0416926
112.       185.        2.62344    0.0384475
112.       187.        2.46775    0.0360907
112.       189.        2.28015    0.0338653
112.       191.        2.15158    0.0332924
112.       193.        1.92645    0.0324733
112.       195.        1.77692    0.0331948
112.       197.        1.55871    0.0342552
112.       199.        1.42685    0.0377372
112.       201.        1.23376    0.0415293
112.       203.        0.973376   0.0450404
112.       205.        0.837031   0.0536427
112.       207.        0.554135   0.0574391
112.       209.        0.380998   0.0704675
112.       215.        0.367219   0.215557
113.       145.        2.60813    1.64091
113.       149.        2.90975    1.07991
113.       151.        4.31118    1.02958
113.       153.        3.40616    0.73032
113.       155.        4.26239    0.59734
113.       157.        3.94889    0.467495
113.       159.        3.73834    0.351149
113.       161.        3.88379    0.287249
113.       163.        4.38644    0.24644
113.       165.        3.66634    0.178882
113.       167.        3.71837    0.151649
113.       169.        3.61033    0.122577
113.       171.        3.5072     0.100294
113.       173.        3.49572    0.0860739
113.       175.        3.26734    0.0727329
113.       177.        3.22944    0.0644483
113.       179.        3.13865    0.0564048
113.       181.        3.08292    0.0509066
113.       183.        2.86374    0.0451389
113.       185.        2.87203    0.042577
113.       187.        2.62509    0.0387283
113.       189.        2.51348    0.0371291
113.       191.        2.30458    0.0356728
113.       193.        2.10871    0.0351771
113.       195.        2.02239    0.0365795
113.       197.        1.79322    0.0366424
113.       199.        1.48738    0.037678
113.       201.        1.31962    0.0410935
113.       203.        1.15144    0.0477092
113.       205.        0.944664   0.054626
113.       207.        0.860049   0.0683278
113.       209.        0.811947   0.0897819
113.       211.        0.552163   0.11215
113.       213.        0.101309   0.0587785
114.       149.        4.10356    1.57403
114.       151.        4.26657    0.990144
114.       153.        3.17225    0.703601
114.       155.        2.48794    0.469926
114.       157.        3.90056    0.483245
114.       159.        4.42697    0.422074
114.       161.        4.76866    0.358723
114.       163.        3.62856    0.233508
114.       165.        4.41393    0.221454
114.       167.        4.03615    0.175433
114.       169.        3.65902    0.132927
114.       171.        3.81337    0.117219
114.       173.        3.68743    0.0975994
114.       175.        3.61752    0.0851818
114.       177.        3.47684    0.0731352
114.       179.        3.3401     0.0637379
114.       181.        3.11785    0.0551644
114.       183.        3.10678    0.0512757
114.       185.        2.86664    0.0454985
114.       187.        2.87002    0.0435722
114.       189.        2.63646    0.0400762
114.       191.        2.5037     0.0390928
114.       193.        2.297      0.0377423
114.       195.        2.12016    0.038406
114.       197.        2.0103     0.0403131
114.       199.        1.85902    0.0429038
114.       201.        1.56246    0.0449361
114.       203.        1.21511    0.0470728
114.       205.        1.13881    0.0563628
114.       207.        0.917296   0.0654033
114.       209.        0.677523   0.0746173
114.       211.        0.325302   0.0681141
114.       215.        0.338465   0.197945
115.       145.        4.00818    2.05358
115.       149.        1.35284    0.710263
115.       151.        3.15593    0.879222
115.       153.        2.85071    0.643719
115.       155.        3.52773    0.650752
115.       157.        4.56745    0.566993
115.       159.        4.12645    0.433184
115.       161.        4.0447     0.343717
115.       163.        5.196      0.327085
115.       165.        4.0826     0.231604
115.       167.        3.93817    0.187547
115.       169.        3.94404    0.1569
115.       171.        3.75187    0.129015
115.       173.        3.48323    0.103606
115.       175.        3.45424    0.0920219
115.       177.        3.51088    0.0822763
115.       179.        3.42811    0.0717991
115.       181.        3.45782    0.0647077
115.       183.        3.16012    0.0567416
115.       185.        3.0641     0.0521428
115.       187.        2.91976    0.0474833
115.       189.        2.82299    0.0448271
115.       191.        2.64674    0.0429034
115.       193.        2.56995    0.0418356
115.       195.        2.41315    0.0422779
115.       197.        2.0804     0.042016
115.       199.        1.99692    0.0446656
115.       201.        1.78215    0.0468874
115.       203.        1.62146    0.0524007
115.       205.        1.37799    0.0579456
115.       207.        1.05421    0.0627501
115.       209.        0.759427   0.0688486
115.       211.        0.59894    0.0807691
115.       213.        0.605756   0.116094
115.       215.        0.481901   0.1566
116.       147.        4.34706    1.87366
116.       149.        5.73046    2.2973
116.       151.        3.33316    1.0561
116.       153.        4.31348    1.00967
116.       155.        3.99386    0.727809
116.       157.        4.22188    0.587584
116.       159.        4.77177    0.511801
116.       161.        4.32529    0.383088
116.       163.        4.02658    0.303001
116.       165.        4.54811    0.264617
116.       167.        3.91015    0.201978
116.       169.        3.85132    0.169272
116.       171.        3.86656    0.145683
116.       173.        3.84851    0.12282
116.       175.        3.71089    0.106
116.       177.        3.55267    0.0902422
116.       179.        3.58041    0.0827849
116.       181.        3.47182    0.072181
116.       183.        3.2573     0.0637227
116.       185.        3.24279    0.0598113
116.       187.        3.13061    0.0542498
116.       189.        3.00047    0.0507361
116.       191.        2.85578    0.0482628
116.       193.        2.74104    0.0467376
116.       195.        2.46971    0.0448694
116.       197.        2.38171    0.0469206
116.       199.        2.26274    0.048538
116.       201.        2.04447    0.0497555
116.       203.        1.91927    0.0552924
116.       205.        1.67454    0.061005
116.       207.        1.58578    0.0712196
116.       209.        1.27428    0.0784113
116.       211.        0.954237   0.0889106
116.       213.        0.716393   0.0994984
116.       215.        0.716515   0.154916
116.       217.        0.714603   0.231426
117.       147.        3.32987    1.61288
117.       149.        1.88979    0.804651
117.       151.        5.40432    1.51539
117.       153.        4.54965    0.983099
117.       155.        3.33416    0.648218
117.       157.        3.89595    0.600109
117.       159.        3.99924    0.501443
117.       161.        3.81497    0.395433
117.       163.        3.97751    0.328193
117.       165.        4.03978    0.273142
117.       167.        3.91391    0.218593
117.       169.        4.21003    0.204825
117.       171.        3.96599    0.163934
117.       173.        4.10054    0.144275
117.       175.        3.81044    0.120338
117.       177.        3.68129    0.103679
117.       179.        3.79947    0.0955001
117.       181.        3.54431    0.0812591
117.       183.        3.1935     0.0695602
117.       185.        3.41066    0.0688071
117.       187.        3.40325    0.0636757
117.       189.        3.20048    0.0592817
117.       191.        3.09127    0.0553122
117.       193.        2.99788    0.0532852
117.       195.        2.7638     0.0512103
117.       197.        2.5033     0.0511908
117.       199.        2.62822    0.0547238
117.       201.        2.34178    0.0544533
117.       203.        2.09996    0.0577641
117.       205.        2.02638    0.0649598
117.       207.        1.70129    0.069831
117.       209.        1.35588    0.0745723
117.       211.        1.31827    0.0934545
117.       213.        1.03017    0.108562
117.       215.        0.805262   0.135595
117.       217.        0.424514   0.138532
118.       145.        1.41576    0.866975
118.       147.        1.08957    0.656232
118.       149.        1.06603    0.644566
118.       151.        3.10221    0.98297
118.       153.        3.28159    0.780769
118.       155.        4.22989    0.786562
118.       157.        3.63266    0.613625
118.       159.        4.20568    0.548232
118.       161.        4.04579    0.436754
118.       163.        3.43867    0.312156
118.       165.        3.70147    0.286189
118.       167.        4.38608    0.274063
118.       169.        4.30821    0.226954
118.       171.        3.74427    0.17482
118.       173.        3.66625    0.144385
118.       175.        3.98401    0.133906
118.       177.        3.87161    0.119587
118.       179.        3.65441    0.105709
118.       181.        3.61895    0.0933398
118.       183.        3.63183    0.0844903
118.       185.        3.41833    0.0769311
118.       187.        3.4909     0.0732164
118.       189.        3.36955    0.0682057
118.       191.        3.36938    0.0652065
118.       193.        3.14351    0.0615271
118.       195.        3.01191    0.0596665
118.       197.        2.85675    0.0592904
118.       199.        2.72806    0.0605197
118.       201.        2.58133    0.061097
118.       203.        2.3355     0.0633989
118.       205.        2.17628    0.0682606
118.       207.        1.8095     0.0708502
118.       209.        1.82314    0.0855988
118.       211.        1.62778    0.099012
118.       213.        1.0544     0.102961
118.       215.        0.72434    0.118418
118.       217.        0.646335   0.169925
118.       219.        0.788466   0.24419
119.       145.        2.15349    1.17055
119.       149.        2.67745    1.66968
119.       151.        1.1646     0.543578
119.       153.        1.95913    0.641123
119.       155.        3.398      0.792854
119.       157.        4.05293    0.71539
119.       159.        4.65015    0.617426
119.       161.        2.93003    0.404815
119.       163.        3.5385     0.366889
119.       165.        3.62412    0.307078
119.       167.        4.24265    0.291774
119.       169.        4.03738    0.24105
119.       171.        4.60647    0.221417
119.       173.        3.76632    0.165715
119.       175.        3.98344    0.153215
119.       177.        3.74022    0.130777
119.       179.        3.84337    0.123506
119.       181.        3.61251    0.105869
119.       183.        3.87073    0.101385
119.       185.        3.42429    0.088308
119.       187.        3.5357     0.0851575
119.       189.        3.43305    0.0781044
119.       191.        3.32772    0.0748235
119.       193.        3.22414    0.0708016
119.       195.        3.16176    0.0688076
119.       197.        3.02955    0.068454
119.       199.        2.70863    0.0671324
119.       201.        2.71259    0.0689836
119.       203.        2.51771    0.0730338
119.       205.        2.45826    0.0785247
119.       207.        2.18364    0.0822032
119.       209.        2.04468    0.0953026
119.       211.        1.89641    0.111456
119.       213.        1.34792    0.119427
119.       215.        0.800089   0.12777
119.       217.        0.521903   0.150155
119.       219.        0.751855   0.244314
120.       145.        5.14873    2.18169
120.       149.        0.985326   0.592757
120.       151.        3.31899    1.11673
120.       153.        3.73725    1.03608
120.       155.        3.12123    0.737301
120.       157.        3.37152    0.65542
120.       159.        3.56192    0.550743
120.       161.        5.05864    0.615871
120.       163.        3.96841    0.425568
120.       165.        4.45428    0.38655
120.       167.        3.93706    0.302827
120.       169.        4.2817     0.280689
120.       171.        4.52383    0.250221
120.       173.        3.68623    0.18651
120.       175.        3.78811    0.173383
120.       177.        3.72832    0.150419
120.       179.        3.6107     0.137197
120.       181.        3.77082    0.12508
120.       183.        3.61083    0.114186
120.       185.        3.52772    0.103588
120.       187.        3.64849    0.10192
120.       189.        3.59918    0.0940816
120.       191.        3.46308    0.0900917
120.       193.        3.29421    0.085768
120.       195.        3.26879    0.081572
120.       197.        3.08692    0.0796089
120.       199.        2.95377    0.0818808
120.       201.        2.8427     0.082942
120.       203.        2.40038    0.0816346
120.       205.        2.72323    0.0950205
120.       207.        2.34278    0.0950372
120.       209.        2.18182    0.102534
120.       211.        1.66323    0.11371
120.       213.        1.22491    0.128767
120.       215.        1.46026    0.201551
120.       217.        1.00961    0.225799
120.       219.        0.703248   0.229539
120.       221.        1.26104    0.491704
121.       147.        5.77768    2.62657
121.       149.        1.98322    1.19914
121.       151.        2.76067    1.21063
121.       153.        4.25995    1.24048
121.       155.        2.90956    0.967079
121.       157.        4.92608    0.954605
121.       159.        4.11307    0.644826
121.       161.        3.27044    0.496086
121.       163.        3.45512    0.454204
121.       165.        3.88432    0.400947
121.       167.        3.98694    0.347569
121.       169.        4.22799    0.312082
121.       171.        3.97713    0.263384
121.       173.        3.70227    0.216729
121.       175.        3.71162    0.197241
121.       177.        3.68294    0.178044
121.       179.        3.92904    0.163985
121.       181.        3.32713    0.131998
121.       183.        3.51171    0.131208
121.       185.        3.82554    0.130833
121.       187.        3.67904    0.121944
121.       189.        3.49411    0.110456
121.       191.        3.35097    0.105027
121.       193.        3.42469    0.106409
121.       195.        3.47977    0.1039
121.       197.        3.05195    0.0962701
121.       199.        2.86312    0.0971199
121.       201.        2.89785    0.100893
121.       203.        2.68653    0.1048
121.       205.        2.62066    0.112203
121.       207.        2.6179     0.121688
121.       209.        2.19974    0.113505
121.       211.        1.93398    0.132306
121.       213.        1.52065    0.171317
121.       215.        0.856843   0.160766
121.       217.        1.09882    0.26936
121.       219.        1.32287    0.39815
121.       221.        1.6462     0.650805
121.       223.        1.72476    0.926343
122.       149.        3.94563    1.50159
122.       151.        0.88921    0.530222
122.       153.        2.59792    0.887103
122.       155.        2.81296    0.705421
122.       157.        3.19983    0.714502
122.       159.        4.25849    0.733547
122.       161.        3.8619     0.588916
122.       163.        3.91097    0.513093
122.       165.        3.09913    0.371975
122.       167.        3.85707    0.363211
122.       169.        4.21508    0.352506
122.       171.        3.91913    0.288972
122.       173.        3.62479    0.249422
122.       175.        3.3728     0.212745
122.       177.        4.00533    0.213612
122.       179.        3.59864    0.183322
122.       181.        3.27287    0.153646
122.       183.        4.00827    0.170553
122.       185.        3.54123    0.148853
122.       187.        3.3232     0.138538
122.       189.        3.68989    0.141135
122.       191.        3.42346    0.132293
122.       193.        3.20222    0.127606
122.       195.        3.2144     0.127653
122.       197.        3.25474    0.129006
122.       199.        2.9811     0.12674
122.       201.        2.8873     0.130157
122.       203.        2.72012    0.13324
122.       205.        2.49191    0.140958
122.       207.        2.36689    0.146635
122.       209.        2.00748    0.126893
122.       211.        2.25852    0.174294
122.       213.        1.29906    0.175468
122.       215.        1.06483    0.204882
122.       217.        1.29966    0.304897
122.       219.        0.375244   0.220723
123.       145.        1.78948    1.09339
123.       151.        2.34982    0.98563
123.       153.        2.07398    0.806568
123.       155.        2.70741    0.826707
123.       157.        3.34263    0.770954
123.       159.        4.60549    0.794142
123.       161.        3.50062    0.561437
123.       163.        4.12724    0.560904
123.       165.        3.77891    0.45747
123.       167.        4.19956    0.420389
123.       169.        3.52323    0.351982
123.       171.        3.45161    0.309601
123.       173.        2.92018    0.234551
123.       175.        3.77603    0.257615
123.       177.        3.72574    0.230846
123.       179.        3.64741    0.212713
123.       181.        2.85328    0.166807
123.       183.        3.09342    0.17003
123.       185.        3.30192    0.171421
123.       187.        2.8049     0.150557
123.       189.        2.95376    0.153331
123.       191.        3.25363    0.160451
123.       193.        2.95076    0.153455
123.       195.        2.76794    0.150916
123.       197.        2.57577    0.144382
123.       199.        2.96218    0.165512
123.       201.        2.34053    0.154411
123.       203.        2.48988    0.170757
123.       205.        2.01824    0.172064
123.       207.        2.11102    0.199186
123.       209.        2.26572    0.178961
123.       211.        2.16818    0.210806
123.       213.        1.46926    0.21915
123.       215.        1.52877    0.326614
123.       217.        1.01995    0.405434
124.       147.        7.0479     2.27053
124.       149.        1.15565    0.607477
124.       151.        2.25661    0.870505
124.       153.        2.60863    0.964343
124.       155.        2.4954     0.647189
124.       157.        2.17295    0.605994
124.       159.        2.74422    0.554985
124.       161.        3.33615    0.57705
124.       163.        3.57829    0.510901
124.       165.        3.85749    0.492745
124.       167.        3.41136    0.393002
124.       169.        2.9604     0.324366
124.       171.        2.9511     0.278901
124.       173.        3.3649     0.286093
124.       175.        3.73956    0.278279
124.       177.        2.77334    0.218172
124.       179.        3.03977    0.212844
124.       181.        3.07673    0.202264
124.       183.        3.23947    0.195911
124.       185.        3.09841    0.186738
124.       187.        2.76769    0.169609
124.       189.        2.64576    0.162191
124.       191.        2.58689    0.164795
124.       193.        2.42823    0.161353
124.       195.        2.38136    0.166888
124.       197.        2.46675    0.176923
124.       199.        2.27482    0.184194
124.       201.        2.25009    0.202064
124.       203.        1.83088    0.188868
124.       205.        2.50988    0.274587
124.       207.        2.04682    0.275458
124.       209.        1.42311    0.226798
124.       211.        1.77475    0.24726
124.       213.        1.44019    0.299975
124.       215.        0.592354   0.225367
124.       217.        3.12465    1.08693
125.       133.       36.9134    33.6972
125.       145.        2.53708    1.61411
125.       149.        1.25374    0.761637
125.       151.        3.66536    1.17606
125.       153.        1.69214    0.554015
125.       155.        1.88949    0.545957
125.       157.        3.24172    0.805102
125.       159.        2.39673    0.548012
125.       161.        2.86135    0.532155
125.       163.        3.4531     0.50287
125.       165.        3.56554    0.470643
125.       167.        3.15072    0.376998
125.       169.        2.61024    0.300619
125.       171.        2.23601    0.2465
125.       173.        3.0126     0.262965
125.       175.        2.61989    0.230228
125.       177.        2.45453    0.208952
125.       179.        2.12029    0.175692
125.       181.        2.10775    0.164841
125.       183.        2.50962    0.174523
125.       185.        2.06291    0.156387
125.       187.        1.8635     0.142705
125.       189.        2.17317    0.163956
125.       191.        2.00154    0.163754
125.       193.        1.92212    0.162529
125.       195.        1.76957    0.159124
125.       197.        1.7345     0.164273
125.       199.        2.09494    0.208637
125.       201.        1.82916    0.209764
125.       203.        1.52292    0.210121
125.       205.        2.12973    0.315177
125.       207.        1.80588    0.34486
125.       209.        1.98725    0.381551
125.       211.        1.57963    0.366905
125.       213.        0.783497   0.331135
125.       215.        1.40407    0.854491
125.       217.        0.908231   0.551744
126.       139.        5.29083    3.52722
126.       145.        6.39479    2.76872
126.       147.        1.02768    0.618953
126.       151.        1.48035    0.638263
126.       153.        2.16057    0.661954
126.       155.        2.64513    0.738387
126.       157.        1.83027    0.494184
126.       159.        2.45923    0.518204
126.       161.        3.12003    0.559381
126.       163.        2.70585    0.437719
126.       165.        1.80351    0.296726
126.       167.        2.63716    0.358903
126.       169.        2.99503    0.335821
126.       171.        2.35125    0.257372
126.       173.        1.95838    0.206821
126.       175.        2.30283    0.212664
126.       177.        2.00033    0.175758
126.       179.        1.88684    0.165428
126.       181.        2.21055    0.17464
126.       183.        1.99974    0.155157
126.       185.        1.88287    0.147039
126.       187.        1.55572    0.135185
126.       189.        1.55622    0.130759
126.       191.        1.53603    0.138429
126.       193.        1.1236     0.113875
126.       195.        1.02377    0.117911
126.       197.        1.10676    0.130678
126.       199.        1.24625    0.1591
126.       201.        1.02034    0.154175
126.       203.        0.88103    0.157124
126.       205.        0.435743   0.118478
126.       207.        1.14562    0.283805
126.       209.        0.854812   0.246643
126.       211.        1.45656    0.43311
127.       145.        2.44027    1.50617
127.       147.        1.41812    0.866486
127.       149.        0.872585   0.523813
127.       151.        3.23429    1.03715
127.       153.        2.12558    0.738647
127.       155.        2.54552    0.670052
127.       157.        1.33477    0.396375
127.       159.        4.15589    0.743092
127.       161.        2.63285    0.513275
127.       163.        3.07311    0.446266
127.       165.        2.07366    0.334144
127.       167.        2.18939    0.300663
127.       169.        2.49821    0.297961
127.       171.        2.50996    0.271302
127.       173.        2.073      0.210725
127.       175.        2.11676    0.20695
127.       177.        2.06683    0.193848
127.       179.        2.08539    0.178142
127.       181.        1.88688    0.155973
127.       183.        1.68657    0.143504
127.       185.        1.94415    0.151854
127.       187.        1.65718    0.137205
127.       189.        1.25528    0.115652
127.       191.        1.02485    0.107945
127.       193.        1.31214    0.13308
127.       195.        0.878425   0.10686
127.       197.        0.85619    0.112582
127.       199.        0.507075   0.0971406
127.       201.        0.893894   0.14376
127.       203.        0.593602   0.118134
127.       205.        0.681569   0.155713
127.       207.        0.991894   0.239757
127.       209.        0.666585   0.196303
127.       211.        0.528507   0.190094
127.       213.        0.78721    0.465908
128.       151.        2.71309    0.97772
128.       153.        1.96643    0.648482
128.       155.        2.05356    0.622246
128.       157.        1.95117    0.526555
128.       159.        1.99754    0.452842
128.       161.        3.1282     0.545519
128.       163.        2.73404    0.415546
128.       165.        1.74507    0.288123
128.       167.        2.54475    0.324303
128.       169.        2.2392     0.276225
128.       171.        1.66623    0.199191
128.       173.        1.86628    0.210333
128.       175.        1.92599    0.185475
128.       177.        1.50559    0.14466
128.       179.        1.65744    0.141253
128.       181.        1.50381    0.129775
128.       183.        1.37946    0.114811
128.       185.        1.1064     0.101775
128.       187.        1.25204    0.105
128.       189.        0.891697   0.0867728
128.       191.        0.775557   0.084553
128.       193.        0.647959   0.0763092
128.       195.        0.693498   0.0786808
128.       197.        0.467026   0.0695039
128.       199.        0.592512   0.0865513
128.       201.        0.436401   0.0744868
128.       203.        0.506755   0.0893275
128.       205.        0.641468   0.130225
128.       207.        0.282058   0.0901845
128.       211.        0.100735   0.0505712
129.       145.        5.52307    2.1784
129.       149.        2.04574    0.817057
129.       151.        3.3268     1.1272
129.       153.        1.49914    0.598764
129.       155.        1.72762    0.583031
129.       157.        1.80816    0.430866
129.       159.        2.04501    0.434935
129.       161.        1.87443    0.41866
129.       163.        2.51389    0.380843
129.       165.        1.96349    0.295288
129.       167.        1.93151    0.258329
129.       169.        2.08428    0.23332
129.       171.        1.79614    0.192132
129.       173.        1.81365    0.1764
129.       175.        1.71073    0.160589
129.       177.        1.51224    0.131049
129.       179.        1.25383    0.109327
129.       181.        1.14237    0.0972419
129.       183.        1.23012    0.0964921
129.       185.        0.882749   0.0772707
129.       187.        0.90901    0.0770673
129.       189.        0.848165   0.0728289
129.       191.        0.554455   0.058112
129.       193.        0.606053   0.0626594
129.       195.        0.541043   0.0603501
129.       197.        0.629223   0.0699557
129.       199.        0.318819   0.0464156
129.       201.        0.271021   0.0475203
129.       203.        0.342822   0.0571319
129.       205.        0.218754   0.0504209
129.       207.        0.20152    0.0601241
129.       209.        0.107625   0.0335439
129.       211.        0.0995534  0.0377716
129.       213.        0.189298   0.0953178
130.       149.        2.66179    1.32454
130.       151.        2.99963    0.910045
130.       153.        0.966726   0.448175
130.       155.        2.76812    0.804359
130.       157.        2.93823    0.674224
130.       159.        3.30706    0.591863
130.       161.        2.16043    0.400368
130.       163.        2.22447    0.367852
130.       165.        2.10339    0.297466
130.       167.        1.8597     0.236476
130.       169.        1.74851    0.195971
130.       171.        2.04737    0.196892
130.       173.        1.54635    0.143254
130.       175.        1.57672    0.130083
130.       177.        1.3243     0.106918
130.       179.        1.49597    0.10525
130.       181.        1.32864    0.0891946
130.       183.        0.986003   0.0698457
130.       185.        0.990824   0.0705047
130.       187.        0.841172   0.0603415
130.       189.        0.790348   0.0564027
130.       191.        0.660437   0.0505679
130.       193.        0.532288   0.0448188
130.       195.        0.495327   0.0440236
130.       197.        0.30137    0.032704
130.       199.        0.376308   0.03938
130.       201.        0.274862   0.0340291
130.       203.        0.298188   0.0396783
130.       205.        0.239547   0.0401233
130.       207.        0.233532   0.0421761
130.       209.        0.107246   0.026227
130.       211.        0.163464   0.0448422
130.       213.        0.0757051  0.0438159
131.       145.        3.83208    2.09892
131.       147.        1.61576    0.852794
131.       149.        3.33917    1.52412
131.       151.        1.40784    0.66095
131.       153.        2.07231    0.667868
131.       155.        1.45724    0.436327
131.       157.        2.4251     0.515438
131.       159.        2.08942    0.419168
131.       161.        2.32702    0.37438
131.       163.        2.10213    0.288856
131.       165.        1.91167    0.252988
131.       167.        1.96369    0.220496
131.       169.        1.94915    0.183296
131.       171.        1.58724    0.144678
131.       173.        1.67069    0.130614
131.       175.        1.57972    0.114993
131.       177.        1.24549    0.0900371
131.       179.        1.44414    0.0889895
131.       181.        1.30796    0.0761329
131.       183.        1.15221    0.0664359
131.       185.        1.0286     0.0599167
131.       187.        0.895189   0.0530931
131.       189.        0.912056   0.0502173
131.       191.        0.780762   0.0445358
131.       193.        0.631218   0.0398468
131.       195.        0.513761   0.03474
131.       197.        0.410672   0.0306096
131.       199.        0.343616   0.0287361
131.       201.        0.294132   0.0283675
131.       203.        0.242846   0.0282536
131.       205.        0.240916   0.0315043
131.       207.        0.163381   0.0295961
131.       209.        0.0829622  0.0203911
131.       211.        0.0905635  0.0276142
132.       145.        1.63718    1.00498
132.       147.        1.76381    1.065
132.       149.        4.00299    1.30643
132.       151.        1.11609    0.66551
132.       153.        2.8311     0.873143
132.       155.        3.18095    0.684162
132.       157.        2.70961    0.525508
132.       159.        2.88738    0.479634
132.       161.        2.68835    0.385865
132.       163.        1.85826    0.253781
132.       165.        2.40731    0.25061
132.       167.        2.01912    0.194606
132.       169.        1.79006    0.159941
132.       171.        1.82776    0.136216
132.       173.        1.54829    0.107724
132.       175.        1.44534    0.0946357
132.       177.        1.39848    0.0827455
132.       179.        1.46649    0.077495
132.       181.        1.3166     0.0654262
132.       183.        1.15136    0.0562724
132.       185.        1.20301    0.0541164
132.       187.        0.992879   0.0467085
132.       189.        1.00972    0.045414
132.       191.        0.902218   0.0407045
132.       193.        0.778173   0.0381365
132.       195.        0.680072   0.0340629
132.       197.        0.523943   0.0297427
132.       199.        0.401922   0.0271983
132.       201.        0.410491   0.0294078
132.       203.        0.321035   0.0272549
132.       205.        0.287691   0.0282777
132.       207.        0.124822   0.0193532
132.       209.        0.154617   0.0248416
132.       211.        0.11255    0.0290898
132.       213.        0.117209   0.0393534
132.       215.        0.0796524  0.0461657
133.       141.        9.28439    7.09107
133.       149.        2.36445    0.938132
133.       151.        1.126      0.482126
133.       153.        1.44211    0.484821
133.       155.        2.53429    0.534995
133.       157.        2.92895    0.56584
133.       159.        2.64895    0.402551
133.       161.        2.43241    0.318675
133.       163.        1.90594    0.229827
133.       165.        1.92763    0.196529
133.       167.        1.71436    0.160405
133.       169.        1.78855    0.140208
133.       171.        1.65087    0.113128
133.       173.        1.77033    0.103189
133.       175.        1.71712    0.0872897
133.       177.        1.61074    0.0774294
133.       179.        1.56341    0.069563
133.       181.        1.5495     0.0645778
133.       183.        1.37192    0.0536275
133.       185.        1.24642    0.0480347
133.       187.        1.20146    0.0452565
133.       189.        1.14976    0.0423955
133.       191.        1.04666    0.0384641
133.       193.        0.883686   0.0342551
133.       195.        0.848875   0.033189
133.       197.        0.738916   0.0312445
133.       199.        0.559283   0.0288149
133.       201.        0.484563   0.0277058
133.       203.        0.408466   0.0275444
133.       205.        0.304545   0.0262034
133.       207.        0.215465   0.0241305
133.       209.        0.164758   0.0244904
133.       211.        0.132141   0.0286407
133.       213.        0.0325568  0.016302
134.       145.        3.6102     2.00626
134.       147.        2.29663    0.944617
134.       149.        1.52624    0.726071
134.       151.        2.48909    0.825926
134.       153.        2.87788    0.739507
134.       155.        1.92328    0.44051
134.       157.        2.20468    0.44205
134.       159.        2.25503    0.351211
134.       161.        2.13215    0.269871
134.       163.        2.51921    0.258555
134.       165.        1.88146    0.180001
134.       167.        1.91908    0.149994
134.       169.        2.06363    0.138544
134.       171.        2.10253    0.117326
134.       173.        1.83965    0.0932529
134.       175.        1.66675    0.0770632
134.       177.        1.57412    0.0677396
134.       179.        1.55968    0.0615875
134.       181.        1.65872    0.0574276
134.       183.        1.49604    0.0498181
134.       185.        1.35949    0.0451098
134.       187.        1.33429    0.0418154
134.       189.        1.20384    0.0377668
134.       191.        1.16593    0.0359541
134.       193.        1.04099    0.0334178
134.       195.        1.00648    0.0329595
134.       197.        0.862732   0.0312214
134.       199.        0.806894   0.0313564
134.       201.        0.682661   0.0303744
134.       203.        0.553348   0.0298352
134.       205.        0.429319   0.0293421
134.       207.        0.28597    0.027311
134.       209.        0.262986   0.0314874
134.       211.        0.126572   0.0254211
134.       213.        0.129965   0.0350866
134.       215.        0.0653937  0.0327795
134.       219.        0.259042   0.151235
135.       147.        6.35208    2.31464
135.       149.        2.22697    0.85001
135.       151.        1.80089    0.644459
135.       153.        1.08666    0.422428
135.       155.        2.68603    0.57817
135.       157.        2.05068    0.392818
135.       159.        2.07898    0.310831
135.       161.        1.95487    0.257243
135.       163.        2.2611     0.220278
135.       165.        1.94386    0.163753
135.       167.        2.09321    0.145042
135.       169.        2.08121    0.125522
135.       171.        2.07959    0.105627
135.       173.        1.80956    0.0823581
135.       175.        1.87015    0.0744281
135.       177.        1.83189    0.0658758
135.       179.        1.61351    0.0555189
135.       181.        1.58774    0.0495692
135.       183.        1.59384    0.0459484
135.       185.        1.45287    0.0417561
135.       187.        1.51906    0.0402065
135.       189.        1.31552    0.0357616
135.       191.        1.3494     0.0352438
135.       193.        1.19493    0.0322362
135.       195.        1.08154    0.0310325
135.       197.        1.0212     0.0319758
135.       199.        0.961168   0.0327826
135.       201.        0.793896   0.0311223
135.       203.        0.671511   0.0321936
135.       205.        0.6108     0.0351628
135.       207.        0.584183   0.0413303
135.       209.        0.37123    0.0394198
135.       211.        0.273722   0.0410937
135.       213.        0.290378   0.0586421
135.       215.        0.2492     0.0852306
136.       145.        2.43597    1.19338
136.       149.        2.83502    1.12656
136.       151.        2.3113     0.676805
136.       153.        3.15131    0.70048
136.       155.        1.22665    0.305314
136.       157.        2.76874    0.416789
136.       159.        3.14274    0.403116
136.       161.        2.51043    0.26354
136.       163.        1.85608    0.175789
136.       165.        2.29978    0.166122
136.       167.        2.07438    0.130362
136.       169.        1.94326    0.107482
136.       171.        2.01652    0.0933963
136.       173.        1.84922    0.0743613
136.       175.        1.93348    0.0685928
136.       177.        1.85357    0.0596976
136.       179.        1.75046    0.0527946
136.       181.        1.80721    0.0481063
136.       183.        1.63732    0.0426533
136.       185.        1.56262    0.0392031
136.       187.        1.52657    0.0360457
136.       189.        1.43154    0.0338534
136.       191.        1.36155    0.0324029
136.       193.        1.28998    0.0313937
136.       195.        1.14519    0.0300977
136.       197.        1.10138    0.0317189
136.       199.        0.991382   0.0317076
136.       201.        0.921904   0.03373
136.       203.        0.82918    0.0369111
136.       205.        0.70618    0.0397856
136.       207.        0.542093   0.0414781
136.       209.        0.461092   0.0488721
136.       211.        0.438593   0.0590312
136.       213.        0.263347   0.0623826
136.       215.        0.222306   0.0748036
137.       147.        1.00094    0.602848
137.       149.        3.17701    0.945238
137.       151.        3.43865    0.885073
137.       153.        3.20474    0.70139
137.       155.        1.74909    0.362934
137.       157.        2.86072    0.413994
137.       159.        2.49227    0.296971
137.       161.        2.47192    0.24032
137.       163.        2.19765    0.177108
137.       165.        2.22389    0.150537
137.       167.        2.28717    0.123087
137.       169.        2.16634    0.100935
137.       171.        1.98343    0.082908
137.       173.        2.0358     0.0710392
137.       175.        1.86051    0.0602317
137.       177.        1.91721    0.0556162
137.       179.        1.92672    0.0499417
137.       181.        1.7779     0.0427977
137.       183.        1.67531    0.0389528
137.       185.        1.65502    0.0364092
137.       187.        1.56605    0.0335871
137.       189.        1.45114    0.0312914
137.       191.        1.40796    0.0305361
137.       193.        1.24431    0.0287744
137.       195.        1.18694    0.0293092
137.       197.        1.1729     0.0317475
137.       199.        1.00518    0.0316071
137.       201.        0.916313   0.0340518
137.       203.        0.778865   0.0363497
137.       205.        0.684986   0.040954
137.       207.        0.657101   0.0492898
137.       209.        0.457753   0.0554607
137.       211.        0.510721   0.080279
137.       213.        0.643899   0.123685
137.       215.        0.260857   0.111294
138.       147.        2.40979    1.16404
138.       149.        2.9231     0.874698
138.       151.        2.09889    0.709902
138.       153.        2.21871    0.552374
138.       155.        3.54158    0.533165
138.       157.        2.41722    0.349719
138.       159.        2.52065    0.267114
138.       161.        2.41711    0.209928
138.       163.        2.17473    0.160654
138.       165.        2.09535    0.129934
138.       167.        2.44975    0.118247
138.       169.        2.19847    0.0912102
138.       171.        2.06997    0.0760021
138.       173.        2.14054    0.0659388
138.       175.        1.95403    0.0561423
138.       177.        2.04162    0.0521695
138.       179.        1.95012    0.0458267
138.       181.        1.80404    0.0393659
138.       183.        1.80868    0.0371301
138.       185.        1.63376    0.0330333
138.       187.        1.59318    0.031313
138.       189.        1.49116    0.029627
138.       191.        1.40417    0.0287544
138.       193.        1.35156    0.0287729
138.       195.        1.21569    0.0290638
138.       197.        1.097      0.0295553
138.       199.        1.04126    0.031948
138.       201.        0.882324   0.0336224
138.       203.        0.748206   0.0370813
138.       205.        0.655364   0.0419533
138.       207.        0.529266   0.0477589
138.       209.        0.482441   0.0616502
138.       211.        0.402365   0.0736552
138.       213.        0.341451   0.117346
138.       215.        0.331892   0.137639
139.       145.        4.38388    1.70585
139.       147.        1.88883    0.904692
139.       149.        2.57329    0.808565
139.       151.        2.17993    0.58925
139.       153.        2.1147     0.456081
139.       155.        2.85881    0.434797
139.       157.        2.83771    0.345345
139.       159.        2.24239    0.22638
139.       161.        2.21409    0.183355
139.       163.        2.56857    0.159668
139.       165.        2.16837    0.118787
139.       167.        2.22062    0.104619
139.       169.        2.32517    0.0883248
139.       171.        2.07085    0.069398
139.       173.        2.06593    0.05992
139.       175.        2.1201     0.0547427
139.       177.        2.01683    0.047601
139.       179.        1.99872    0.0430996
139.       181.        1.82405    0.0369064
139.       183.        1.82921    0.0349758
139.       185.        1.64993    0.0311505
139.       187.        1.59281    0.0296026
139.       189.        1.55846    0.0291676
139.       191.        1.46805    0.0283741
139.       193.        1.29504    0.0275998
139.       195.        1.25697    0.0291494
139.       197.        1.11137    0.0291955
139.       199.        0.979623   0.0308988
139.       201.        0.75346    0.0304796
139.       203.        0.665127   0.0348591
139.       205.        0.596728   0.0420862
139.       207.        0.62435    0.0566571
139.       209.        0.41274    0.0606691
139.       211.        0.183887   0.0450937
139.       213.        0.384603   0.138469
140.       145.        2.94448    1.88598
140.       147.        3.00197    1.40482
140.       149.        1.59505    0.588469
140.       151.        3.4536     0.766454
140.       153.        2.59008    0.504748
140.       155.        2.53043    0.373989
140.       157.        2.17233    0.2802
140.       159.        2.30045    0.219188
140.       161.        2.70756    0.1907
140.       163.        2.31484    0.140545
140.       165.        2.34579    0.115255
140.       167.        2.12878    0.0930972
140.       169.        2.20543    0.0786779
140.       171.        2.14502    0.0651535
140.       173.        2.15022    0.0575807
140.       175.        2.08863    0.0501967
140.       177.        1.9731     0.0429554
140.       179.        1.94685    0.0392912
140.       181.        1.81127    0.034412
140.       183.        1.77916    0.0327076
140.       185.        1.72065    0.0304973
140.       187.        1.59949    0.0285977
140.       189.        1.51562    0.0276452
140.       191.        1.46266    0.0274218
140.       193.        1.28141    0.0267955
140.       195.        1.20776    0.0276704
140.       197.        1.06754    0.028509
140.       199.        0.943568   0.0300826
140.       201.        0.889717   0.0349259
140.       203.        0.693278   0.03717
140.       205.        0.651125   0.046721
140.       207.        0.465551   0.0505705
140.       209.        0.31431    0.0544251
140.       211.        0.397443   0.0857991
140.       213.        0.115835   0.0583515
141.       145.        3.38467    1.70122
141.       147.        2.50365    1.09552
141.       149.        2.9192     0.889819
141.       151.        4.61663    0.931518
141.       153.        3.00447    0.534892
141.       155.        2.29189    0.359016
141.       157.        2.59266    0.278368
141.       159.        2.39954    0.220002
141.       161.        2.63954    0.176376
141.       163.        2.34258    0.132252
141.       165.        2.48647    0.113975
141.       167.        2.3246     0.092887
141.       169.        2.33419    0.0759874
141.       171.        2.06786    0.0589788
141.       173.        2.21906    0.0541883
141.       175.        2.13694    0.0476465
141.       177.        1.98822    0.0412947
141.       179.        1.9099     0.0372244
141.       181.        1.80755    0.0331806
141.       183.        1.75469    0.0308972
141.       185.        1.6323     0.0283615
141.       187.        1.62091    0.0279159
141.       189.        1.50504    0.0266168
141.       191.        1.41349    0.0260888
141.       193.        1.26005    0.025838
141.       195.        1.12194    0.0266637
141.       197.        1.00562    0.0280045
141.       199.        0.920523   0.031404
141.       201.        0.820504   0.0355657
141.       203.        0.672978   0.0396397
141.       205.        0.598632   0.047783
141.       207.        0.461083   0.0549658
141.       209.        0.469796   0.0803377
141.       211.        0.337256   0.100489
141.       213.        0.639511   0.268722
142.       147.        4.32416    1.47151
142.       149.        3.70321    0.933767
142.       151.        3.83325    0.790196
142.       153.        2.57737    0.43075
142.       155.        3.2481     0.392024
142.       157.        2.86935    0.287373
142.       159.        2.52555    0.20867
142.       161.        2.40141    0.157271
142.       163.        2.30444    0.120077
142.       165.        2.3093     0.101123
142.       167.        2.18871    0.0791641
142.       169.        2.32632    0.0703633
142.       171.        2.35827    0.0616243
142.       173.        2.26959    0.0531575
142.       175.        2.10135    0.0449625
142.       177.        1.93733    0.0385168
142.       179.        1.97902    0.0363649
142.       181.        1.81461    0.0317499
142.       183.        1.71666    0.0289138
142.       185.        1.68364    0.0276974
142.       187.        1.5158     0.0256016
142.       189.        1.50193    0.0256043
142.       191.        1.37234    0.0252542
142.       193.        1.20825    0.025067
142.       195.        1.09772    0.0262394
142.       197.        0.96928    0.0288548
142.       199.        0.89632    0.0331863
142.       201.        0.687447   0.0344861
142.       203.        0.730344   0.0465171
142.       205.        0.579114   0.0532359
142.       207.        0.37946    0.056083
142.       209.        0.442408   0.0928221
142.       211.        0.11638    0.0592707
143.       147.        4.96432    1.65428
143.       149.        2.81929    0.910903
143.       151.        2.61317    0.58014
143.       153.        2.53718    0.40774
143.       155.        2.70145    0.350224
143.       157.        2.9551     0.271799
143.       159.        2.49889    0.195728
143.       161.        2.47921    0.150856
143.       163.        2.67289    0.126586
143.       165.        2.50017    0.0985746
143.       167.        2.34225    0.0777731
143.       169.        2.29754    0.0664638
143.       171.        2.15526    0.0566768
143.       173.        2.24642    0.0512116
143.       175.        2.13926    0.0434903
143.       177.        1.99457    0.0379206
143.       179.        1.94804    0.0342143
143.       181.        1.87822    0.0308066
143.       183.        1.79384    0.0283541
143.       185.        1.653      0.0260992
143.       187.        1.57716    0.025537
143.       189.        1.46768    0.0247993
143.       191.        1.32307    0.0246171
143.       193.        1.14503    0.0246877
143.       195.        1.04717    0.0266111
143.       197.        0.908199   0.0285759
143.       199.        0.795143   0.0313495
143.       201.        0.749718   0.0392992
143.       203.        0.549823   0.0417188
143.       205.        0.380004   0.0436956
143.       207.        0.324345   0.0614573
143.       209.        0.122528   0.0382011
143.       211.        0.275834   0.162072
144.       145.        5.42403    2.07186
144.       147.        1.47413    0.634963
144.       149.        1.99448    0.55619
144.       151.        2.93643    0.599686
144.       153.        4.07556    0.520467
144.       155.        2.51294    0.306608
144.       157.        2.46585    0.230594
144.       159.        2.98708    0.200547
144.       161.        2.77811    0.155602
144.       163.        3.00256    0.129407
144.       165.        2.55863    0.0931856
144.       167.        2.32345    0.0746064
144.       169.        2.42826    0.0671768
144.       171.        2.34551    0.0567647
144.       173.        2.24979    0.0490734
144.       175.        2.1212     0.0418991
144.       177.        2.13369    0.0377246
144.       179.        1.9769     0.032829
144.       181.        1.90023    0.0300888
144.       183.        1.824      0.0279762
144.       185.        1.67258    0.0259333
144.       187.        1.54135    0.024994
144.       189.        1.42903    0.0242461
144.       191.        1.28674    0.0241786
144.       193.        1.2619     0.0263656
144.       195.        1.0312     0.026478
144.       197.        0.936489   0.0300854
144.       199.        0.815537   0.0331754
144.       201.        0.698548   0.0383233
144.       203.        0.536966   0.0436977
144.       205.        0.290143   0.0426932
144.       207.        0.220089   0.0473609
144.       209.        0.0156018  0.00784905
145.       143.       10.5131     6.43793
145.       145.        1.8934     1.02572
145.       147.        0.956514   0.446454
145.       149.        2.67755    0.67087
145.       151.        3.41737    0.572939
145.       153.        2.29469    0.352146
145.       155.        2.73996    0.289901
145.       157.        2.84878    0.233675
145.       159.        2.72668    0.17721
145.       161.        2.73039    0.143178
145.       163.        2.62999    0.114645
145.       165.        2.64603    0.0929463
145.       167.        2.59023    0.0775294
145.       169.        2.4106     0.0635083
145.       171.        2.39108    0.0557357
145.       173.        2.27164    0.047341
145.       175.        2.20354    0.0412503
145.       177.        2.12173    0.0367019
145.       179.        2.00247    0.0325907
145.       181.        1.93666    0.0304166
145.       183.        1.73674    0.0272479
145.       185.        1.71362    0.0266537
145.       187.        1.50376    0.024779
145.       189.        1.48939    0.0253053
145.       191.        1.30778    0.0253875
145.       193.        1.13639    0.025703
145.       195.        1.06415    0.0281015
145.       197.        0.947973   0.0308978
145.       199.        0.745866   0.0324733
145.       201.        0.707328   0.0414263
145.       203.        0.372066   0.0360423
145.       205.        0.313586   0.0445122
145.       207.        0.126642   0.0339507
145.       209.        0.256072   0.116412
146.       145.        1.91724    1.02053
146.       147.        4.08481    1.18688
146.       149.        4.03567    0.855866
146.       151.        2.39874    0.415716
146.       153.        2.53615    0.339309
146.       155.        3.28797    0.30537
146.       157.        2.93615    0.219944
146.       159.        2.82563    0.167283
146.       161.        2.53333    0.126438
146.       163.        2.93701    0.11622
146.       165.        2.67112    0.0924818
146.       167.        2.50345    0.0736039
146.       169.        2.54731    0.0636457
146.       171.        2.46869    0.0550032
146.       173.        2.37176    0.0475472
146.       175.        2.31958    0.0423304
146.       177.        2.19974    0.0373064
146.       179.        2.0445     0.0335301
146.       181.        1.93193    0.0306093
146.       183.        1.7851     0.0283217
146.       185.        1.68146    0.0270118
146.       187.        1.60214    0.026803
146.       189.        1.4952     0.0269024
146.       191.        1.39122    0.0280674
146.       193.        1.25656    0.0290735
146.       195.        1.02319    0.0292601
146.       197.        0.948478   0.0335439
146.       199.        0.863131   0.0391581
146.       201.        0.661208   0.0437915
146.       203.        0.532277   0.0517969
146.       205.        0.341929   0.0558085
146.       207.        0.210184   0.0802534
147.       145.        3.34317    1.35352
147.       147.        3.42523    0.976686
147.       149.        2.53555    0.597134
147.       151.        3.30603    0.496204
147.       153.        2.97203    0.346217
147.       155.        2.95851    0.256129
147.       157.        2.51518    0.186221
147.       159.        3.0702     0.164838
147.       161.        2.76519    0.12827
147.       163.        2.83145    0.109882
147.       165.        2.69935    0.0906751
147.       167.        2.75216    0.0767747
147.       169.        2.66303    0.0649175
147.       171.        2.33348    0.0527709
147.       173.        2.3235     0.0467079
147.       175.        2.2786     0.0423509
147.       177.        2.10665    0.0364007
147.       179.        2.07271    0.0344599
147.       181.        1.90041    0.0312113
147.       183.        1.82683    0.0298567
147.       185.        1.73147    0.0293316
147.       187.        1.64923    0.0296163
147.       189.        1.45857    0.0288601
147.       191.        1.32578    0.0298146
147.       193.        1.20615    0.0316992
147.       195.        0.959207   0.0322558
147.       197.        0.786809   0.034332
147.       199.        0.707774   0.0418904
147.       201.        0.642393   0.0531249
147.       203.        0.429526   0.0545605
147.       205.        0.26431    0.0606735
147.       207.        0.207074   0.0743511
148.       145.        1.66111    0.887903
148.       147.        4.40939    1.51425
148.       149.        2.71969    0.541956
148.       151.        3.88034    0.514864
148.       153.        2.70008    0.310513
148.       155.        3.09437    0.254816
148.       157.        3.17504    0.207283
148.       159.        2.80413    0.149648
148.       161.        2.93335    0.129373
148.       163.        2.80607    0.105545
148.       165.        2.71248    0.0873311
148.       167.        2.65311    0.0750476
148.       169.        2.57725    0.063527
148.       171.        2.5155     0.0549445
148.       173.        2.37508    0.0480429
148.       175.        2.36584    0.0438548
148.       177.        2.14017    0.0381848
148.       179.        2.03799    0.0352571
148.       181.        1.95016    0.0331861
148.       183.        1.79343    0.0313871
148.       185.        1.74295    0.0318418
148.       187.        1.53277    0.0308496
148.       189.        1.38788    0.0310157
148.       191.        1.24282    0.0325151
148.       193.        1.06239    0.0337415
148.       195.        0.875044   0.0358186
148.       197.        0.74252    0.039959
148.       199.        0.558508   0.0429534
148.       201.        0.348202   0.0399146
148.       203.        0.178434   0.0395941
148.       205.        0.0549969  0.0168343
149.       145.        4.78549    1.98792
149.       147.        4.09333    1.0086
149.       149.        4.02423    0.68931
149.       151.        3.70168    0.462472
149.       153.        3.3876     0.33569
149.       155.        3.11512    0.251032
149.       157.        2.91217    0.18787
149.       159.        2.82994    0.14507
149.       161.        2.9547     0.125107
149.       163.        2.80449    0.101158
149.       165.        2.69097    0.085858
149.       167.        2.53212    0.0715992
149.       169.        2.6412     0.0652636
149.       171.        2.47063    0.055448
149.       173.        2.42266    0.0494955
149.       175.        2.26327    0.0434818
149.       177.        2.22529    0.0400684
149.       179.        2.05138    0.0371817
149.       181.        1.95325    0.035592
149.       183.        1.77806    0.0335026
149.       185.        1.62318    0.033079
149.       187.        1.58171    0.0350866
149.       189.        1.32574    0.0339599
149.       191.        1.17042    0.0359368
149.       193.        0.936489   0.036394
149.       195.        0.783378   0.0389163
149.       197.        0.496881   0.0359347
149.       199.        0.453685   0.0455431
149.       201.        0.270156   0.0480746
149.       203.        0.102905   0.0253965
149.       205.        0.497545   0.131947
150.       145.        3.14466    1.32854
150.       147.        2.93181    0.838871
150.       149.        4.12738    0.663481
150.       151.        3.82349    0.468904
150.       153.        3.34814    0.325356
150.       155.        3.16454    0.241579
150.       157.        2.92041    0.182327
150.       159.        3.15323    0.156799
150.       161.        3.0021     0.127793
150.       163.        2.69456    0.0983594
150.       165.        2.69606    0.0842696
150.       167.        2.64819    0.0739599
150.       169.        2.59333    0.0655946
150.       171.        2.46544    0.0560875
150.       173.        2.39011    0.0499437
150.       175.        2.28813    0.0454696
150.       177.        2.17326    0.0419544
150.       179.        2.0086     0.0391621
150.       181.        1.98827    0.038505
150.       183.        1.81393    0.0371848
150.       185.        1.59786    0.0363405
150.       187.        1.49687    0.0380688
150.       189.        1.30657    0.0380911
150.       191.        1.16295    0.040979
150.       193.        0.955855   0.0434124
150.       195.        0.699      0.0422357
150.       197.        0.556915   0.0460801
150.       199.        0.412482   0.0484192
150.       201.        0.26705    0.0487987
150.       203.        0.192402   0.0564634
150.       205.        0.181503   0.0823838
151.       145.        4.67802    1.54527
151.       147.        3.53319    0.899739
151.       149.        3.03807    0.502057
151.       151.        3.18832    0.3894
151.       153.        3.2848     0.305605
151.       155.        2.78815    0.220738
151.       157.        2.94014    0.180338
151.       159.        3.05113    0.152118
151.       161.        3.00144    0.13093
151.       163.        2.9367     0.106084
151.       165.        2.99275    0.0920532
151.       167.        2.4836     0.0706882
151.       169.        2.76155    0.0694401
151.       171.        2.56846    0.059187
151.       173.        2.47682    0.0523954
151.       175.        2.25247    0.0480332
151.       177.        2.26944    0.0469929
151.       179.        2.17318    0.0445892
151.       181.        2.01263    0.0430147
151.       183.        1.71964    0.0401509
151.       185.        1.66392    0.0424927
151.       187.        1.40273    0.0418339
151.       189.        1.33259    0.0455762
151.       191.        0.983794   0.0430676
151.       193.        0.872964   0.0488041
151.       195.        0.791486   0.0547147
151.       197.        0.446742   0.0479496
151.       199.        0.511463   0.0727171
151.       201.        0.316804   0.0669089
151.       203.        0.0650518  0.0307839
151.       205.        0.456244   0.232925
151.       207.        0.641733   0.381908
152.       145.        3.08775    1.02474
152.       147.        5.76603    1.06671
152.       149.        3.48663    0.514258
152.       151.        2.80362    0.362176
152.       153.        3.30778    0.29627
152.       155.        3.25076    0.234005
152.       157.        2.99918    0.183395
152.       159.        3.22013    0.159028
152.       161.        3.27357    0.135705
152.       163.        3.05218    0.11185
152.       165.        2.90271    0.0918463
152.       167.        2.79939    0.0783043
152.       169.        2.64632    0.0705802
152.       171.        2.6565     0.0631023
152.       173.        2.38782    0.054712
152.       175.        2.24107    0.0515479
152.       177.        2.15666    0.0492294
152.       179.        2.06727    0.0476355
152.       181.        1.91622    0.0468156
152.       183.        1.7466     0.0463038
152.       185.        1.61661    0.0474419
152.       187.        1.40937    0.0494349
152.       189.        1.22421    0.0517795
152.       191.        1.01318    0.054824
152.       193.        0.772838   0.0540928
152.       195.        0.740597   0.0657503
152.       197.        0.612246   0.0763587
152.       199.        0.411117   0.0732126
152.       201.        0.134613   0.0432751
152.       203.        0.102676   0.0518811
153.       145.        0.72621    0.430362
153.       147.        4.22699    0.884847
153.       149.        3.08011    0.455554
153.       151.        3.958      0.432647
153.       153.        3.44753    0.300632
153.       155.        3.28118    0.23513
153.       157.        3.34252    0.195457
153.       159.        3.05139    0.157791
153.       161.        3.19324    0.133943
153.       163.        3.11311    0.112047
153.       165.        2.98414    0.095468
153.       167.        2.80158    0.0821359
153.       169.        2.77821    0.0750367
153.       171.        2.49024    0.0641554
153.       173.        2.586      0.0627005
153.       175.        2.24659    0.0557764
153.       177.        2.12259    0.053444
153.       179.        2.02981    0.0529236
153.       181.        1.89716    0.0528764
153.       183.        1.81807    0.0543522
153.       185.        1.43193    0.0513475
153.       187.        1.26515    0.0537509
153.       189.        1.2276     0.0631954
153.       191.        0.840887   0.0588657
153.       193.        0.731631   0.065301
153.       195.        0.56283    0.0703423
153.       197.        0.518961   0.0880428
153.       199.        0.474431   0.139557
153.       201.        1.02016    0.34726
153.       203.        0.653779   0.255778
154.       143.        1.476      0.906045
154.       145.        5.52005    1.50472
154.       147.        2.69955    0.543676
154.       149.        3.83334    0.535593
154.       151.        2.86625    0.352756
154.       153.        3.61667    0.305972
154.       155.        3.85178    0.259472
154.       157.        3.10815    0.184109
154.       159.        3.51027    0.173077
154.       161.        3.17324    0.133644
154.       163.        3.25602    0.119111
154.       165.        2.81728    0.0947176
154.       167.        2.77322    0.0851684
154.       169.        2.47374    0.0726228
154.       171.        2.46596    0.0678435
154.       173.        2.5019     0.0670003
154.       175.        2.25757    0.0611408
154.       177.        2.12115    0.0596485
154.       179.        2.00934    0.0595375
154.       181.        1.78119    0.0578883
154.       183.        1.72022    0.0606917
154.       185.        1.47916    0.0607642
154.       187.        1.29775    0.0651732
154.       189.        0.980184   0.0631136
154.       191.        0.797951   0.0708262
154.       193.        0.921653   0.0932992
154.       195.        0.80651    0.10162
154.       197.        0.481302   0.114225
154.       199.        0.327772   0.100746
154.       201.        0.230547   0.117408
154.       205.        1.43984    0.879755
155.       145.        3.65888    1.15083
155.       147.        3.54433    0.674575
155.       149.        3.68421    0.539316
155.       151.        4.13238    0.40575
155.       153.        3.97902    0.322618
155.       155.        3.51321    0.240019
155.       157.        3.18023    0.186709
155.       159.        3.18974    0.15997
155.       161.        3.23294    0.138051
155.       163.        3.33849    0.125322
155.       165.        3.01843    0.103927
155.       167.        2.86314    0.0908961
155.       169.        2.80139    0.0827572
155.       171.        2.51354    0.0739778
155.       173.        2.38371    0.0705917
155.       175.        2.38858    0.069772
155.       177.        2.09568    0.0656912
155.       179.        2.00136    0.0665207
155.       181.        1.82131    0.0659213
155.       183.        1.62592    0.0663036
155.       185.        1.32014    0.0662553
155.       187.        1.29397    0.0754967
155.       189.        1.03459    0.0786673
155.       191.        0.859058   0.0857038
155.       193.        0.947132   0.114204
155.       195.        0.587325   0.110069
155.       197.        0.778387   0.165672
156.       145.        3.97916    1.25651
156.       147.        3.47278    0.699652
156.       149.        2.97817    0.443698
156.       151.        4.08386    0.41599
156.       153.        3.90929    0.329549
156.       155.        3.33468    0.234443
156.       157.        3.1757     0.19662
156.       159.        3.37033    0.169019
156.       161.        3.75242    0.159412
156.       163.        3.21895    0.125802
156.       165.        3.02182    0.10883
156.       167.        2.84024    0.0956889
156.       169.        2.81827    0.0900786
156.       171.        2.63557    0.0819187
156.       173.        2.38768    0.0778059
156.       175.        2.22345    0.074055
156.       177.        2.04817    0.0722292
156.       179.        1.91787    0.0727121
156.       181.        1.79073    0.0735958
156.       183.        1.75331    0.0821539
156.       185.        1.47354    0.080982
156.       187.        1.23044    0.0854581
156.       189.        1.258      0.105327
156.       191.        0.858337   0.0982185
156.       193.        0.927253   0.129673
156.       195.        0.920781   0.160977
156.       197.        1.20907    0.291017
156.       199.        0.252335   0.128362
157.       145.        2.49181    0.891723
157.       147.        3.199      0.661362
157.       149.        3.48751    0.476826
157.       151.        4.17452    0.417227
157.       153.        4.49271    0.357958
157.       155.        3.15639    0.228511
157.       157.        3.41303    0.202144
157.       159.        3.44099    0.177596
157.       161.        3.47074    0.156498
157.       163.        3.36008    0.138802
157.       165.        2.9776     0.112156
157.       167.        2.89436    0.105057
157.       169.        2.80603    0.0968679
157.       171.        2.69331    0.0925901
157.       173.        2.24416    0.0813431
157.       175.        2.21756    0.0812873
157.       177.        2.0581     0.0822867
157.       179.        1.93711    0.0820222
157.       181.        1.89738    0.08973
157.       183.        1.56819    0.086534
157.       185.        1.47889    0.0998244
157.       187.        1.20136    0.100586
157.       189.        1.11265    0.115606
157.       191.        1.10554    0.14305
157.       193.        0.686026   0.127792
157.       195.        0.527971   0.148383
157.       197.        0.410709   0.163216
157.       201.        1.09715    0.576726
157.       203.        1.66604    1.02537
158.       145.        3.71059    1.15178
158.       147.        2.8959     0.598955
158.       149.        4.45362    0.587645
158.       151.        4.46819    0.44361
158.       153.        3.84935    0.325976
158.       155.        4.02815    0.269135
158.       157.        3.61812    0.215518
158.       159.        3.50035    0.181072
158.       161.        3.73225    0.174922
158.       163.        3.27741    0.145044
158.       165.        3.17608    0.123451
158.       167.        2.92167    0.11462
158.       169.        2.65116    0.103703
158.       171.        2.47813    0.0967332
158.       173.        2.42562    0.0940204
158.       175.        2.36268    0.0942077
158.       177.        2.2206     0.0976848
158.       179.        2.08276    0.0986219
158.       181.        1.72171    0.0954897
158.       183.        1.76295    0.109818
158.       185.        1.33326    0.11021
158.       187.        1.24768    0.126409
158.       189.        1.07215    0.144325
158.       191.        1.14314    0.206915
158.       193.        0.360939   0.0992243
158.       195.        0.854907   0.288342
158.       197.        1.89239    0.863239
158.       199.        0.899074   0.467173
159.       145.        0.933698   0.480999
159.       147.        3.37611    0.670098
159.       149.        3.64036    0.510855
159.       151.        3.39446    0.384206
159.       153.        4.22934    0.35077
159.       155.        4.02699    0.273243
159.       157.        4.18915    0.241386
159.       159.        3.32851    0.177816
159.       161.        3.49947    0.177376
159.       163.        3.28329    0.154032
159.       165.        3.03677    0.126273
159.       167.        2.92327    0.123034
159.       169.        2.71836    0.112931
159.       171.        2.46272    0.104267
159.       173.        2.30391    0.0996715
159.       175.        1.95096    0.0927888
159.       177.        2.17994    0.107392
159.       179.        1.78473    0.102348
159.       181.        1.52337    0.102789
159.       183.        1.66875    0.128366
159.       185.        1.39927    0.139243
159.       187.        0.970314   0.125526
159.       189.        0.601029   0.11478
159.       191.        0.643222   0.183351
159.       193.        0.951982   0.278065
159.       195.        1.41041    0.527223
160.       145.        3.61224    1.12454
160.       147.        3.991      0.805015
160.       149.        3.66272    0.474505
160.       151.        4.79101    0.470194
160.       153.        3.6707     0.301909
160.       155.        4.05537    0.283096
160.       157.        3.65579    0.229815
160.       159.        3.66178    0.200127
160.       161.        3.48303    0.188631
160.       163.        3.52781    0.168153
160.       165.        3.08495    0.135441
160.       167.        2.94253    0.132988
160.       169.        2.83436    0.125871
160.       171.        2.49556    0.11326
160.       173.        2.41502    0.113692
160.       175.        2.32021    0.118355
160.       177.        2.03541    0.115126
160.       179.        1.84105    0.11645
160.       181.        1.68971    0.125764
160.       183.        1.19587    0.119262
160.       185.        1.06383    0.132273
160.       187.        1.35827    0.205623
160.       189.        1.08213    0.20311
160.       191.        1.02422    0.255974
160.       193.        0.61235    0.238631
161.       145.        0.974755   0.508126
161.       147.        4.86402    0.915555
161.       149.        4.90192    0.590915
161.       151.        4.46876    0.449475
161.       153.        3.40258    0.300492
161.       155.        4.02297    0.295156
161.       157.        3.67616    0.236698
161.       159.        3.51678    0.213697
161.       161.        3.5657     0.193929
161.       163.        3.41663    0.172794
161.       165.        3.03611    0.147755
161.       167.        3.14836    0.151881
161.       169.        2.88465    0.136677
161.       171.        2.55661    0.126694
161.       173.        2.37075    0.125349
161.       175.        2.28251    0.133479
161.       177.        1.7932     0.120338
161.       179.        1.79898    0.132106
161.       181.        1.81218    0.155248
161.       183.        1.58948    0.164613
161.       185.        1.5192     0.191735
161.       187.        1.19667    0.202996
161.       189.        0.834319   0.207998
161.       191.        0.609888   0.280845
161.       193.        1.6473     0.615469
161.       197.        1.5976     0.989137