\cite{}
E_n : \text{pre } \overline{TKE}  :  Uncertainty : \text{pre } \sigma_{TKE} : Uncertainty : \text{post } \overline{TKE}  : Uncertainty : \text{pst } \sigma_{TKE} : Uncertainty 
0.0     168.9   0.3         10.7    0.2          170.7    0.3        11.2   0.2
0.2     168.92  0.07        10.65  0.05          170.81  0.08        10.82  0.05
0.4     169.02  0.06        10.65  0.04          170.91  0.06        10.85  0.04
0.6     169.17  0.06        10.73  0.04          171.08  0.06        10.92  0.04
0.8     169.17  0.06        10.68  0.04          171.07  0.06        10.87  0.04
1.0     169.13  0.06        10.66  0.04          171.05  0.07        10.83  0.04
1.1     169.11  0.08        10.71  0.05          170.92  0.08        11.01  0.05
1.3     169.00  0.08        10.75  0.05          170.84  0.08        10.87  0.05
1.4     168.93  0.08        10.66  0.05          170.82  0.08        10.84  0.05
1.6     168.96  0.08        10.70  0.05          170.90  0.08        10.85  0.05
1.8     168.90  0.07        10.51  0.05          170.93  0.08        10.73  0.05
2.0     168.84  0.07        10.56  0.05          170.79  0.08        10.76  0.05
2.2     168.69  0.08        10.58  0.05          170.64  0.08        10.80  0.05
2.5     168.72  0.08        10.64  0.05          170.74  0.08        10.85  0.05
2.8     168.73  0.08        10.70  0.05          170.76  0.08        10.91  0.05
3.2     168.63  0.08        10.69  0.05          170.76  0.08        10.83  0.05
3.5     168.37  0.08        10.62  0.05          170.47  0.08        10.86  0.05
4.0     168.22  0.08        10.64  0.05          170.34  0.09        10.84  0.06
4.5     168.19  0.09        10.78  0.06          170.34  0.09        10.99  0.06
5.0     167.87  0.09        10.83  0.06          170.09  0.09        10.99  0.06
5.6     167.75  0.09        10.73  0.06          169.97  0.1         10.95  0.06
6.3     167.77  0.09        10.73  0.06          169.99  0.09        10.96  0.06
7.1     167.80  0.09        10.77  0.06          169.96  0.09        11.01  0.06
7.9     167.67  0.09        10.90  0.06          169.91  0.09        11.09  0.06
8.9     167.25  0.09        10.81  0.06          169.56  0.09        10.98  0.06
10.0    166.80  0.1         10.81  0.07          169.18  0.1         10.98  0.07
11.2    166.48  0.11        11.15  0.08          168.99  0.11        11.34  0.08
12.6    166.27  0.11        11.18  0.08          168.83  0.12        11.44  0.08
14.1    166.18  0.11        11.14  0.08          168.69  0.12        11.35  0.08
15.8    165.84  0.11        11.14  0.08          168.47  0.12        11.35  0.08
17.8    165.27  0.12        11.27  0.08          168.02  0.12        11.40  0.08
20.0    164.89  0.13        11.34  0.09          167.71  0.13        11.53  0.09
22.4    165.03  0.13        11.43  0.09          167.87  0.13        11.57  0.09
25.1    164.53  0.13        11.40  0.09          167.62  0.13        11.60  0.09
28.2    164.08  0.13        11.35  0.09          167.28  0.13        11.63  0.10
31.6    163.70  0.13        11.40  0.1           166.90  0.13        11.56  0.10
35.5    163.55  0.13        11.45  0.1           166.93  0.14        11.63  0.10
