5.277575280554714254e+01 3.245800077149781515e+01 3.043746117563958364e+01 3.028735575189511664e+01 3.400176972171428957e+01 5.039589588060073311e+01 7.590184017843398578e+01 1.086191268693717689e+02 1.587956163188565881e+02 2.163217916106447660e+02
4.254576300533283018e+01 2.905551198854943351e+01 2.563342241985250070e+01 2.289606023275053559e+01 2.830435217761315769e+01 4.362873424127904798e+01 6.633582995683482864e+01 9.786317849872762054e+01 1.335892208214317520e+02 1.892065394935060851e+02
3.764740799229628010e+01 2.827483412829063525e+01 2.209466142289045720e+01 2.148957350330763205e+01 2.646459996487817179e+01 3.679866377344353623e+01 5.616432857349777663e+01 8.445101152619764662e+01 1.226797673399630355e+02 1.775848137008791809e+02
3.739410580258476813e+01 2.444952005686137397e+01 2.170102322053772426e+01 1.987227563937500108e+01 2.462935690508712128e+01 3.556009717655229707e+01 5.146477409697726557e+01 8.176356866790305844e+01 1.190539935467952262e+02 1.700496764993447982e+02
3.657031492156519903e+01 2.439103173628740251e+01 2.117607997472160264e+01 1.900412913892819944e+01 2.369412870363597534e+01 3.360880282407133279e+01 5.226973303263854831e+01 7.452893146183774320e+01 1.106430164252082875e+02 1.578782445330044482e+02
3.451502342804861456e+01 2.639573447902272818e+01 2.164706593312047289e+01 1.935485928787677778e+01 2.254270120789320586e+01 3.498990985612382332e+01 5.146425743927030538e+01 7.356402275430387760e+01 1.119214493524741272e+02 1.542881572906018448e+02
3.850932183125442521e+01 2.844260131175354189e+01 2.097495335519114690e+01 2.020433650691178329e+01 2.303564297110365544e+01 3.177938760054171397e+01 5.386887687195800822e+01 7.025906807709701241e+01 1.083052094711260906e+02 1.473243617905813778e+02
3.650744954657203323e+01 2.584061625900748638e+01 2.119788851336009472e+01 1.934150816129499617e+01 2.295800942827321123e+01 3.178253343723518753e+01 4.847040087155667010e+01 7.126844155156116756e+01 1.051520201167904105e+02 1.471720739593722840e+02
3.598249636393918394e+01 2.882704369307055003e+01 2.175829716034385086e+01 2.056490906162134280e+01 2.403215774925095971e+01 3.356489361902258395e+01 4.646390736991976667e+01 7.052248756653852979e+01 1.002976279559742920e+02 1.421285625885669788e+02
3.559498499268889304e+01 2.530373839003177494e+01 2.365548274245631433e+01 2.072684255430410616e+01 2.315358796600306235e+01 3.304379108524827302e+01 4.807204446019750321e+01 6.934189665237582290e+01 1.045006919746681433e+02 1.438391340620429730e+02
