5.980506847347720623e+01 4.920786236295271010e+01 4.679300611462094395e+01 3.673756381356562173e+01 2.783345752449229593e+01 2.349235999091495586e+01 1.875174952000159934e+01 1.471026658804659171e+01 1.154805732680989649e+01 1.022618118481960892e+01
5.270196175523706472e+01 4.461619845927710770e+01 3.660109711431307034e+01 3.077355483179363915e+01 2.207662605585429816e+01 1.756909073205761729e+01 1.326230431625706885e+01 9.505983677698727874e+00 7.445461907205112695e+00 4.523684584382162477e+00
4.872945350024588151e+01 4.254714637855750681e+01 3.360933781714931712e+01 2.592594164999494666e+01 1.987928743565838019e+01 1.360318446010760596e+01 1.118397177255492814e+01 5.976812922270578810e+00 4.305134631223498154e+00 2.445930718346542410e+00
4.696424377678163609e+01 3.850977145817924452e+01 3.190649293111701468e+01 2.506738453274994427e+01 1.902476101287096455e+01 1.337124977210426913e+01 9.416518137973348246e+00 6.089715633585375265e+00 2.941238741070047347e+00 2.028141907287054124e+00
4.774671347776775576e+01 4.038606112248377400e+01 3.136999709869589381e+01 2.671038089018414752e+01 1.857964985315012285e+01 1.287077476178886926e+01 9.005473811932823480e+00 5.930419196917124935e+00 3.394523632606103902e+00 1.902901735103806669e+00
5.025764582013955817e+01 3.997261723866895267e+01 3.351958888579638796e+01 2.503053833147794194e+01 1.928595555889172886e+01 1.447564635382592257e+01 9.398022610004186816e+00 6.208305278319556919e+00 4.295227530169964503e+00 2.570615906249832161e+00
4.968665115034541202e+01 4.024168789777210264e+01 3.245280656267253505e+01 2.530925348598443136e+01 1.944396511447269660e+01 1.357640696290965288e+01 9.995270671626629522e+00 6.263364927991006859e+00 4.142564382457559091e+00 2.473971992444607082e+00
4.877463165692971359e+01 4.061699896382232566e+01 3.108555453804848767e+01 2.639111443674717705e+01 2.155870042891110216e+01 1.353840957098700848e+01 1.105294763426378069e+01 7.396909955926123104e+00 4.740978065594419810e+00 2.887770601775983437e+00
5.024383898023451422e+01 4.071513725811999507e+01 3.169774244257862605e+01 2.640739569252653496e+01 1.844916713729562119e+01 1.430540872665363139e+01 1.117975433904738303e+01 7.365748490911284918e+00 4.810258167088891312e+00 2.226550613430642755e+00
4.969760334958070302e+01 4.180124138153600200e+01 3.374141195201953281e+01 2.754163583015359507e+01 1.954537022429752824e+01 1.570556171128891165e+01 1.205349942269514862e+01 7.079929679026417233e+00 5.349469288634464803e+00 2.936068240537533569e+00
