3.364231638702367633e+01 3.457311043018844998e+01 2.690839382668953306e+01 2.492823866224203400e+01 2.611844403676047222e+01 2.507342937691267437e+01 2.512344410854794319e+01 2.518942685882403509e+01 2.776056651556920229e+01 2.639258692640479609e+01
3.586370090750919815e+01 2.780172456835351014e+01 2.146618901444971783e+01 2.332593444968996721e+01 2.405218889587018793e+01 2.381384093239339705e+01 2.582340065491671055e+01 2.459836359504081571e+01 2.528598708550962471e+01 2.600951944802034177e+01
3.491475102722293400e+01 2.705725509475322355e+01 2.333227028217110544e+01 2.239698576155460330e+01 2.226634853788754498e+01 2.249738381971327073e+01 2.310758858475473687e+01 2.671443388141968001e+01 2.377129785242556892e+01 2.216037223955114044e+01
3.588833772179123827e+01 2.790334884055935660e+01 2.232663954459440703e+01 2.004911978282918739e+01 2.063440804616121227e+01 2.285534234560218181e+01 2.267992856383880707e+01 2.427637423817535023e+01 2.301916100446236157e+01 2.359889472848933778e+01
3.400582875584456133e+01 2.724453557552882188e+01 2.073451308506170321e+01 2.226602214848576367e+01 2.246020504184370736e+01 2.184655202867050150e+01 2.183558278069116199e+01 2.388200136538316798e+01 2.271338432394787432e+01 2.434206901083073404e+01
3.053786050361227922e+01 2.624320598358512768e+01 2.176074126066337655e+01 2.111816919287281635e+01 2.007274339839640120e+01 2.192892299894592867e+01 2.443525571064063939e+01 2.238649018485891062e+01 2.194365802414382927e+01 2.396545641132336613e+01
3.059149905117325119e+01 2.437957777784782820e+01 2.115292543165561057e+01 1.903029159334834475e+01 1.893247087440137477e+01 2.048625599441355050e+01 2.343374892537255860e+01 2.115392101259171298e+01 2.271407595377817046e+01 2.326535428806833039e+01
2.978305595691780994e+01 2.281887980092908919e+01 2.177675941479166610e+01 1.974298467361712994e+01 2.045316605782489106e+01 2.110592127264395401e+01 2.051036727880300958e+01 2.127766074455001544e+01 2.055324640628232657e+01 2.172692933491944700e+01
2.961333117636903722e+01 2.347895649170818899e+01 2.070468987703994657e+01 2.018254972444916717e+01 1.962244992190419524e+01 1.980780367340762282e+01 1.972881327641855620e+01 2.023663484478900543e+01 2.111084466476906485e+01 2.232415878122112929e+01
2.850311221986282106e+01 2.146893349714062182e+01 2.115626669341601840e+01 1.788291780727349689e+01 1.941208326105561710e+01 1.899810664633671209e+01 1.980787587630969426e+01 2.040515279238191226e+01 1.985165980262326357e+01 2.070378434705095572e+01
