4.590313703798736356e+01 3.736154381719993012e+01 2.695510539859714427e+01 2.213165404572395900e+01 2.050798759572985475e+01 2.594907306973433947e+01 3.823606719624206107e+01 5.596580411872995597e+01 8.823458335113008388e+01 1.216631721973239166e+02
4.279360718445152401e+01 3.224883621667593303e+01 2.553793635623135572e+01 2.099285859981067404e+01 2.125794457907330681e+01 2.720832366856427598e+01 4.046847581349655343e+01 5.860585129294141638e+01 9.409487728579304644e+01 1.210135964136681110e+02
4.265016284743447272e+01 3.559728509288343901e+01 2.462502437368820196e+01 2.161151783587572339e+01 2.219585160652035682e+01 2.906779615508138903e+01 4.116043846172883036e+01 6.525930912940110318e+01 9.033773829783379483e+01 1.316209363891445605e+02
3.681078864490630309e+01 3.247876930358874858e+01 2.460167466095059297e+01 2.081545396707007356e+01 2.229898356138041393e+01 3.056769011604255581e+01 4.654686538328460443e+01 6.755767715084918734e+01 9.783738561374146059e+01 1.301234429209221162e+02
3.955864139332440743e+01 2.911381902216200501e+01 2.431508798148768236e+01 2.090282153099895979e+01 2.231562681610861887e+01 2.813680248648953608e+01 4.108024918926416547e+01 6.702851365290942454e+01 9.822406761585592960e+01 1.301274987294345920e+02
3.689790196730066896e+01 2.872954727660196994e+01 2.438592033484326294e+01 2.127902536474671535e+01 2.357172820146993075e+01 3.210506915837920161e+01 4.657298644802109777e+01 6.774818037774711854e+01 9.544719015322414180e+01 1.425813834804048383e+02
3.755889662539313179e+01 2.705678786692149984e+01 2.348114443541919627e+01 2.155925642931740427e+01 2.336017972796194897e+01 3.338755547987318550e+01 4.865570334338728742e+01 7.288526194240179734e+01 1.064148798411078474e+02 1.413044478565294639e+02
3.487325412624517895e+01 2.441045201557315991e+01 2.223192377943388465e+01 2.076168508408618507e+01 2.449911957309470623e+01 3.283414017241588567e+01 4.824834224152416340e+01 7.289737052461600797e+01 1.048644240389022571e+02 1.409493077798235561e+02
3.472924102826521420e+01 2.543356161630397239e+01 2.232979243969374039e+01 2.027838518623352826e+01 2.536467640468157825e+01 3.699454320486594838e+01 5.386803114092907663e+01 7.665673084918603308e+01 1.085692108866000325e+02 1.474918296053515405e+02
3.179706069349954944e+01 2.352177666066341644e+01 2.128537741773554970e+01 1.986927313425102781e+01 2.524768781176138788e+01 3.536652766894098932e+01 5.317109919533933038e+01 7.898961448471325753e+01 1.073500300062633244e+02 1.538703062059611000e+02
