4.985062453223906687e+01 4.595079900868259415e+01 4.385657134159755799e+01 3.888589113762427019e+01 3.378889581249173091e+01 3.421200651492993217e+01 2.987879043640568710e+01 2.579237384345144335e+01 2.631875947558908280e+01 2.205890028988030238e+01 2.012683530223876716e+01 1.981274421951088982e+01 1.655372090413524688e+01 1.500813261164823409e+01 1.333403051409993978e+01 1.120551104782315832e+01 8.743886678869078111e+00 7.733557338981972507e+00 6.742579767598087415e+00 4.718510961706599005e+00
4.838062419677461889e+01 4.553087381021613567e+01 4.377043659193719094e+01 3.941195669059681705e+01 3.631405063238071307e+01 3.558848968309453653e+01 2.819018407023363082e+01 2.874080720347812701e+01 2.351568637566425224e+01 2.257327451478334268e+01 2.002231076244032337e+01 1.681429134262725711e+01 1.623123794988973145e+01 1.294140319368434788e+01 1.182026437497806093e+01 8.425109035592164730e+00 9.174623668163848222e+00 8.368591413861317108e+00 6.197459728932621204e+00 5.328139076272240260e+00
4.949736839241167274e+01 4.914378142557206530e+01 4.100758102241454850e+01 3.986965703889305246e+01 3.552615623602828521e+01 3.516297058220689564e+01 3.000481599435812541e+01 2.553183197649584812e+01 2.564669787060434558e+01 2.168880363126213240e+01 1.692181327085529574e+01 1.569340674346623743e+01 1.517197573804213917e+01 1.309052928951174266e+01 1.151595728184192780e+01 1.043931443266591153e+01 7.708095023538962920e+00 6.944606895696100679e+00 6.105340149602660027e+00 4.946352365102335114e+00
5.295889430562114342e+01 4.529689293135672301e+01 4.269579459170330438e+01 3.631371035496506749e+01 3.425802388119070940e+01 3.227969004297180788e+01 3.013554142944372316e+01 2.480783335575817006e+01 2.532087458261003121e+01 2.124732898675771509e+01 1.940451713251942323e+01 1.562862800696766286e+01 1.469637220319035720e+01 1.205596408595922497e+01 1.110426565907024354e+01 8.892082869842543147e+00 9.355651024539515248e+00 6.464349343447654661e+00 4.463518881705216046e+00 3.999503791309354739e+00
4.907274312662097770e+01 4.676509322611786246e+01 4.447485047075875286e+01 3.848343066674311075e+01 3.670919516276276084e+01 3.406996776666166227e+01 2.962276352368832022e+01 2.498943889785631356e+01 2.259977019006727872e+01 2.099971379728328102e+01 1.943933941648656116e+01 1.604807080394454744e+01 1.548040418601097201e+01 1.194838830589176482e+01 1.169692278191072532e+01 1.077891049463540263e+01 7.205529469600589820e+00 6.398372593933369323e+00 4.915069177071868189e+00 4.917089677314664620e+00
4.843899559058956328e+01 4.735573984582534734e+01 4.172374159139002359e+01 4.176288011158224123e+01 3.516192689779188640e+01 3.296245708890555193e+01 3.110266898991391926e+01 2.575718369826716625e+01 2.415611571496744858e+01 2.050590323529800685e+01 1.859628739926534280e+01 1.659210966307297141e+01 1.431532438169082511e+01 1.182355710626946177e+01 1.019759845247197561e+01 8.864557480138337553e+00 8.263688259036602091e+00 5.762007859256014441e+00 6.136364706254562762e+00 4.716886040620289045e+00
5.205145694135813272e+01 4.556880048789532367e+01 4.380310425867356372e+01 4.032369270580674225e+01 3.449949915309127135e+01 3.174590335114698547e+01 2.899147231068661412e+01 2.557740947107143725e+01 2.325304867490185856e+01 1.845783019744044395e+01 1.932083361932015109e+01 1.584537613513231058e+01 1.429104750590171946e+01 1.063200327077985996e+01 1.118980784136733675e+01 7.981602266539695734e+00 6.761098460509245456e+00 4.776904451262912410e+00 4.791193478965118047e+00 3.576354691793325102e+00
4.907956278868690703e+01 4.776100563724537551e+01 4.343038848891397663e+01 4.053766499497302789e+01 3.361660508318833962e+01 3.235106504778642034e+01 2.686614072138997500e+01 2.542389231405408978e+01 2.284466371013437325e+01 2.061023254048174280e+01 1.752042038672955826e+01 1.514784333108382341e+01 1.300109589485474793e+01 1.181237260878012130e+01 8.866814519815751083e+00 6.958875000044424830e+00 6.773063052605678536e+00 5.839044749312494176e+00 5.248192986292909978e+00 4.517973631130184131e+00
5.228859700809604760e+01 4.755710458335552460e+01 4.218874033787967193e+01 4.140260344329829678e+01 3.516979814961396755e+01 3.102134584336398504e+01 2.746195820202116167e+01 2.535985398767984478e+01 2.080755909695207606e+01 1.932085892499404522e+01 1.688850580540868762e+01 1.446401763562303344e+01 1.240503879124516651e+01 9.461506850334181706e+00 8.861778916554413854e+00 7.479308863063974577e+00 5.691029498032674994e+00 5.511445731365536282e+00 3.963530051789462938e+00 2.446012497559480359e+00
5.196436235898270439e+01 4.493531032011545534e+01 4.205228873988959748e+01 3.621695506807935061e+01 3.453393555318181996e+01 3.069844859573111506e+01 2.786428972963007311e+01 2.501164834572484352e+01 1.958796015615205377e+01 2.088324308635055360e+01 1.675894281175447631e+01 1.338078392246077186e+01 1.231194961785877950e+01 1.101117442385841017e+01 9.102779587963979679e+00 7.878642286328451760e+00 5.159990799880109336e+00 4.467824955862497838e+00 3.796045022588493190e+00 3.581865243801257037e+00
4.886951668862073461e+01 4.559712905691075946e+01 4.107857993415264275e+01 3.790433583455249789e+01 3.455460734796199063e+01 3.089020981639378505e+01 2.735380932702787149e+01 2.543466068030267024e+01 2.116804161784018135e+01 1.769866035857458897e+01 1.609169504029038933e+01 1.347296970602761235e+01 1.183489928181193562e+01 1.045904242863351108e+01 9.469183307101355140e+00 6.628285579043377673e+00 5.340287897820319429e+00 5.493001063399479023e+00 4.197757698268402393e+00 3.043741062638052775e+00
5.020664908804120330e+01 4.683437575770622630e+01 4.009526768337279634e+01 3.909113683468977740e+01 3.527752744238438964e+01 3.115007178150285938e+01 2.746426308614365652e+01 2.439404470176921791e+01 2.065726890829689921e+01 1.873209918630469062e+01 1.611825659108812303e+01 1.359527689114193372e+01 1.181474336970972594e+01 9.791285274960980445e+00 8.092438129641596589e+00 6.491404852716728513e+00 4.827039542236815528e+00 3.762062628608562775e+00 3.579132706184453561e+00 3.188784568075206494e+00
4.987531443626686922e+01 4.442427609763828400e+01 4.295856059343327615e+01 3.863518073616938153e+01 3.406401469163157003e+01 3.161047906384747463e+01 2.721654557245906148e+01 2.462093064641351248e+01 2.060671652843407742e+01 1.917028416916623357e+01 1.483817575546405187e+01 1.375629169952432740e+01 1.104143578516001156e+01 9.721292652934813816e+00 6.591183061741061167e+00 5.942838278215299752e+00 4.818250063462298449e+00 3.959483261535296617e+00 3.272785857744081817e+00 3.100517306130796236e+00
4.897632139210687541e+01 4.656498648188949119e+01 4.392387762937244133e+01 3.517800955735594925e+01 3.284802297582324826e+01 3.231182466411554088e+01 2.650782977682023400e+01 2.213468149814006480e+01 2.047758355674181985e+01 1.886442246690294766e+01 1.615065064527122729e+01 1.336779512643449763e+01 1.194645767954671811e+01 9.429010170790764533e+00 7.441903473955123971e+00 6.501751035626950781e+00 5.195984598179357761e+00 4.301375771168447493e+00 3.713783428999480662e+00 2.936533303468617184e+00
4.980444702332349038e+01 4.437762259870751080e+01 4.074941107214895908e+01 3.749057903280412773e+01 3.260992022755140596e+01 2.861507624088756785e+01 2.658370839602432056e+01 2.075838429514773154e+01 2.040924317941829003e+01 1.762984776428640998e+01 1.527931385739167069e+01 1.345489503739301718e+01 1.137589345564014032e+01 8.630918812383312044e+00 7.372916370105954798e+00 5.220607353549899798e+00 5.280832629395144195e+00 3.744773593591426586e+00 2.770466439929566427e+00 1.977936989869929718e+00
5.128267934470513723e+01 4.746747111182466483e+01 4.111945817286756011e+01 3.700449588116638466e+01 3.085539387311829529e+01 2.900384794385964682e+01 2.620592927355445667e+01 2.248674116943822909e+01 2.037301126629446202e+01 1.711533479855953743e+01 1.514922088826700808e+01 1.286797985307168268e+01 1.116038183252315363e+01 1.000212133121420166e+01 6.016499073617293192e+00 6.820515365926576479e+00 4.674905514589055677e+00 4.647013516371439223e+00 3.682596279743191481e+00 2.878903914935590613e+00
4.973894261286537244e+01 4.465880953745101323e+01 4.114440867743452657e+01 3.745358643625468176e+01 3.295473688785900634e+01 2.941963978798469981e+01 2.457289284443272948e+01 2.368494040638172038e+01 2.073182900240460214e+01 1.682486837163460081e+01 1.517585306484425089e+01 1.259938299481696333e+01 1.098609488861799832e+01 9.418621083288570617e+00 7.032552018538675398e+00 5.552522537583162610e+00 4.530117685578075815e+00 3.521421906601674312e+00 3.530730285821937819e+00 3.298427218533889871e+00
4.891925651969597055e+01 4.648737563795906169e+01 4.050694894807329405e+01 3.667294559652030728e+01 3.194049933194098045e+01 2.879874009103561860e+01 2.605369709410250323e+01 2.231944815357514500e+01 1.897935141858086894e+01 1.725642221527076003e+01 1.592348977863883874e+01 1.239076131485724019e+01 1.038398791489272455e+01 8.643921346898348901e+00 6.838405089949335824e+00 5.555710007904274050e+00 4.070570122443304406e+00 3.530500116531041677e+00 3.060088744411376460e+00 2.591834718387293623e+00
4.976035945964065377e+01 4.472158659006220205e+01 3.997602195801488989e+01 3.690717842022208117e+01 3.247415030038102657e+01 2.853526821578241268e+01 2.711596838140213350e+01 2.251334115010025627e+01 1.910590322019443121e+01 1.569408592218915643e+01 1.455025497147195601e+01 1.126112094882689263e+01 9.523623600889404628e+00 8.923004838128257177e+00 6.024240225125513604e+00 5.564968305366187806e+00 4.644777383085813227e+00 2.979718040826149661e+00 3.031516346946997675e+00 1.832330785181436106e+00
4.822631656932062327e+01 4.614996677255759749e+01 4.018983049329028745e+01 3.668020982220231474e+01 3.107467422500666387e+01 2.823265388991414682e+01 2.591316782149943876e+01 2.127642823211695244e+01 1.874736378918409940e+01 1.555877539272603016e+01 1.355966986753788461e+01 1.116534077459856533e+01 9.601038620119570766e+00 7.633786894506146226e+00 6.331285832546926784e+00 5.060294569889763672e+00 3.929973997422600007e+00 3.043758838534092348e+00 2.787831930033570771e+00 3.096274903668355005e+00
