2.157228201152865310e+01 2.139704965597725206e+01 2.407305806377543433e+01 2.345203108168707118e+01 2.291318160216652799e+01 2.414239030297769517e+01 2.332684277846776055e+01 2.515401029567012969e+01 2.346037414552161593e+01 2.656181071764433455e+01 2.345243635533195459e+01 2.454787216269700068e+01 2.450547595748553675e+01 2.773257390902698916e+01 2.872486603375894987e+01 2.863288224728996312e+01 2.673395618979872523e+01 2.863409562881430048e+01 2.736906606848037171e+01 2.638761024791212151e+01
2.166795144304030885e+01 2.115771691486198591e+01 2.239124424823395287e+01 2.467215240398715181e+01 2.154606139868676706e+01 2.203337627584216563e+01 2.237660900750118387e+01 2.219933128738077244e+01 2.227236293524712352e+01 2.616155201047688905e+01 2.456312837870452981e+01 2.693907414086190144e+01 2.477635297507706369e+01 2.620866283005259589e+01 2.708422850494753575e+01 2.802622589911349138e+01 2.744055237362796618e+01 2.823380973709011243e+01 2.643370764571850628e+01 2.957756987587934105e+01
2.166807304220900221e+01 2.121081931113291219e+01 2.177966933451074638e+01 2.208640269450035021e+01 2.018556950785538007e+01 2.500419694585999508e+01 2.256518895670399516e+01 2.178278569191100900e+01 2.446372273910218453e+01 2.522029911776337485e+01 2.302782652970077493e+01 2.468450985583442048e+01 2.813356212000213219e+01 2.487974081379806535e+01 2.714173534769243901e+01 2.639420909545020066e+01 2.782266137047184529e+01 2.666149588726193542e+01 2.783756227617077172e+01 2.839459172320913183e+01
2.127845566421477130e+01 2.331099633181003128e+01 2.154473893117436489e+01 2.312478791815293988e+01 2.276261016732711084e+01 2.203030837525812302e+01 2.424637349923717267e+01 2.452707648704585708e+01 2.360112122527942091e+01 2.475213471044873614e+01 2.566962429887057340e+01 2.259810783912819687e+01 2.318135211061179390e+01 2.483668144135296885e+01 2.649665980126640363e+01 2.619371990607663037e+01 2.861882888623363641e+01 2.521174243614301247e+01 2.680605839102833343e+01 2.843689959600489203e+01
2.124356309782988106e+01 2.023556938225530288e+01 2.086102913531587788e+01 2.301125432933867287e+01 2.147706338312969265e+01 2.341546816363198502e+01 2.289508938028618346e+01 2.289263295980291701e+01 2.436744536883320933e+01 2.516952999433459226e+01 2.500102498850508326e+01 2.696689794931842954e+01 2.548836560620620162e+01 2.356926388302634479e+01 2.403347699638464618e+01 2.613827281928265478e+01 2.520685610119794973e+01 2.845357461754083062e+01 2.694054272981113485e+01 2.750409114329294624e+01
2.146742943892129318e+01 2.072328404277335778e+01 2.006620983378703471e+01 2.220146149038509975e+01 2.097582524680230875e+01 2.140579460448662275e+01 2.273242861244476742e+01 2.208047806461315332e+01 2.359398425506798702e+01 2.448036705476858188e+01 2.410367942579416223e+01 2.527587059602543462e+01 2.230968002105391079e+01 2.326264199861299886e+01 2.384849117464116119e+01 2.444520193693325183e+01 2.639083964284714057e+01 2.819328975402264348e+01 2.706997865656739322e+01 2.583116380085933628e+01
2.180564107636560323e+01 2.191672556715541376e+01 2.092991456534829098e+01 2.138678484719675055e+01 2.075917971055447708e+01 2.229530074636984693e+01 2.271289481054710535e+01 2.240830103491171954e+01 2.349187066597515638e+01 2.226241135244865887e+01 2.223040771434449425e+01 2.434747031328836897e+01 2.405360496753430866e+01 2.520538943620532635e+01 2.487110842533248700e+01 2.626052284883952126e+01 2.532657728870575653e+01 2.476394103613612785e+01 2.516999725180982495e+01 2.431419640696503848e+01
2.177459143283038401e+01 2.098300741653941159e+01 2.108374946804189065e+01 2.092162422286341794e+01 2.212883930064946014e+01 2.198913067461611348e+01 2.142013151475649479e+01 2.246190565043450249e+01 2.277657390845780583e+01 2.213697366052610249e+01 2.366079004315400169e+01 2.410369254535148897e+01 2.618739021158433644e+01 2.680057402537463673e+01 2.411971297109545986e+01 2.706713046391524813e+01 2.355041245622969370e+01 2.560263513930948065e+01 2.487436623920976331e+01 2.550522411173302118e+01
2.165978117680869985e+01 2.066108168318412908e+01 2.009023553772354020e+01 2.304750197056224081e+01 2.002002404766477639e+01 2.228218223335099779e+01 2.067970900709236659e+01 2.026474214131048157e+01 2.289089483552378823e+01 2.331347562484026170e+01 2.362541667805070844e+01 2.429167140262326186e+01 2.394429143975960628e+01 2.410434476538766546e+01 2.476760337944578794e+01 2.533773738784424623e+01 2.477407459799118783e+01 2.514018320594816203e+01 2.513112764191506798e+01 2.492743715311893737e+01
2.096587030889472558e+01 2.029181542666602311e+01 1.889902756740729473e+01 2.161626030597044235e+01 2.078722826047712502e+01 2.316941679229658035e+01 2.103034458606301271e+01 2.176333396462715797e+01 2.252360399686155290e+01 2.332146214335192624e+01 2.103512797026127501e+01 2.361476185135802908e+01 2.307292509281784021e+01 2.367279974357353467e+01 2.406006137977016124e+01 2.626544537642699595e+01 2.346930139261306891e+01 2.569805805046589953e+01 2.407877625869451421e+01 2.337081802585513302e+01
2.017206940796403458e+01 1.954407013184455977e+01 2.004528286276653049e+01 2.069579770159304744e+01 1.979312411728728804e+01 2.231828655183865706e+01 2.129822072779388620e+01 2.077101800590203595e+01 2.033067489676126272e+01 2.273609438530612081e+01 2.196554438983802982e+01 2.394428979976022021e+01 2.322675010137912466e+01 2.303525217887460030e+01 2.380540277848749753e+01 2.268174341328047916e+01 2.558837877280249273e+01 2.610056699591546447e+01 2.549713870082237221e+01 2.340385334039970289e+01
2.036459299087227848e+01 2.041405978019386680e+01 1.897666809004331867e+01 1.966675205478782118e+01 2.041549473448018048e+01 2.190533243067572755e+01 2.047067041156489253e+01 2.145046652986036051e+01 2.163513317917781720e+01 2.212640602007712332e+01 2.268739968903772564e+01 2.181373849064179282e+01 2.376736397984723226e+01 2.385820708255730693e+01 2.325593914271023266e+01 2.330300148610030320e+01 2.321653546935242218e+01 2.537001910275636618e+01 2.390437313571516498e+01 2.262057724372729695e+01
1.945778025593167371e+01 2.038750591880343421e+01 2.104993345977561958e+01 2.040977591787329004e+01 2.064201410843777040e+01 1.973341423150770879e+01 2.109718515860297927e+01 2.184927304560825689e+01 2.192938448896594750e+01 1.972971761690012471e+01 2.244449189683188095e+01 2.187068449119986724e+01 2.230507254530242989e+01 2.105863768969753380e+01 2.287767920945741906e+01 2.368522710330904602e+01 2.343965497104992934e+01 2.438747762457253287e+01 2.356949663441772103e+01 2.324816025345731418e+01
1.845228410950695519e+01 1.945720997596243507e+01 1.975498315900795276e+01 2.045059898075531990e+01 1.931734948126901585e+01 2.116592015847393782e+01 2.045610657864681414e+01 2.078032718255258615e+01 2.198121112712571090e+01 2.055801010385670935e+01 2.179485386479203513e+01 2.147748327353534492e+01 2.372196457821688398e+01 2.395234852686159144e+01 2.406201775321500591e+01 2.308196437547821844e+01 2.313617624088454505e+01 2.348641953187700793e+01 2.561383644727497710e+01 2.265649651705768974e+01
1.948731950878753594e+01 1.865433045297092107e+01 1.976907627341250517e+01 1.864135862715424707e+01 1.962083898260448578e+01 1.994451624483917129e+01 2.031546380564176602e+01 1.982129862241167828e+01 2.251114403052426383e+01 1.979069794624630063e+01 2.145302149631305610e+01 2.214126559040089148e+01 2.210773217557315462e+01 2.329701087010624860e+01 2.279066404536408186e+01 2.216630618874366476e+01 2.388242849241532895e+01 2.394819046129745033e+01 2.379797504379484252e+01 2.356435688627622227e+01
1.826926968213292568e+01 1.878000822902343714e+01 1.902563684790418463e+01 2.003976221876399677e+01 1.902206186517850384e+01 1.858091989429079050e+01 1.890537631094126070e+01 1.896016641875082698e+01 2.131137413695220673e+01 2.085654896838025607e+01 2.209162399921932263e+01 2.172755133838241903e+01 2.005662948532727441e+01 2.272609632328110152e+01 2.362738016395019258e+01 2.286938146769550428e+01 2.195422185700616780e+01 2.261614578794749519e+01 2.425888543770638961e+01 2.247629134301477194e+01
1.857383452458702067e+01 1.823776301650458720e+01 1.820206352037460107e+01 1.878996179396425603e+01 1.899253181340736774e+01 1.945471579020855657e+01 1.848217106254265119e+01 1.898320798475010562e+01 2.075850278256676518e+01 1.985590764128816588e+01 2.014297674340340194e+01 1.961304129256588169e+01 2.088135380130882623e+01 2.233348404996139536e+01 2.188776531802913539e+01 2.187946332192247212e+01 2.139484641302327361e+01 2.289822150181747062e+01 2.086781456506120946e+01 2.210177595328406142e+01
1.863125382165827304e+01 1.812702165604876470e+01 1.847636234567151092e+01 2.000325506466704439e+01 1.971681447666503573e+01 1.913242902499307974e+01 1.841019288376212160e+01 2.064571168524954459e+01 1.992280483663726898e+01 2.027740892153712693e+01 2.078019164782154604e+01 2.112470039326531435e+01 2.190258790495000696e+01 2.146207441061912391e+01 2.332324689613149005e+01 2.182098319892977756e+01 2.271639425038664228e+01 2.138990582527515727e+01 2.119587182896482247e+01 2.173030430978293381e+01
1.898819501908183582e+01 1.787969943547267704e+01 1.808278371776398430e+01 1.893983923210443621e+01 1.866167713062401745e+01 1.908125266760674776e+01 1.912863337599831581e+01 1.835677779808318277e+01 1.888550719025124636e+01 2.015546620921281473e+01 1.986752057919220249e+01 2.026767843102678768e+01 2.208423309404111734e+01 1.997989578649792008e+01 2.205048690554087187e+01 2.202468200629105510e+01 2.219468897779759686e+01 2.072764871369883366e+01 2.198435526393958739e+01 2.204812251659370048e+01
1.711785138581605281e+01 1.874143797120153110e+01 1.867567782674665366e+01 1.928549406661911902e+01 1.725430626987122551e+01 1.789300335989720026e+01 1.899225310760253649e+01 2.030677197274474111e+01 1.918611859721350754e+01 1.897335179189849086e+01 1.897131822392412914e+01 2.007393643603233357e+01 2.161852478236520980e+01 2.255846118497806785e+01 2.206233624467520471e+01 2.257057012124018769e+01 2.114983033801912171e+01 2.246298336423007314e+01 2.184068764872367652e+01 2.098428493712462028e+01
