6.910872623818077898e+01 5.873772088208440323e+01 5.111346412514967597e+01 4.342818352711753960e+01 4.607011745741321107e+01 5.052306441333362130e+01 6.179343821843693263e+01 8.539535500636651477e+01 1.051772469989451793e+02 1.467362471577287977e+02
5.718707712213669936e+01 4.626872247006390637e+01 4.037938551966854561e+01 4.047996211619221185e+01 3.738260060428421383e+01 4.392022866214541921e+01 5.860864709592955535e+01 7.496391704685437674e+01 1.058185008949475758e+02 1.415273538788194116e+02
4.947603381354940666e+01 3.951990218502952246e+01 3.353559540902993774e+01 3.028573348774183316e+01 3.221749130179136245e+01 3.959119460933661827e+01 5.344598177900565616e+01 7.400355158241289644e+01 1.026881669075608414e+02 1.448491738038172514e+02
4.361635327966128273e+01 3.544738031937281164e+01 2.851622647785471187e+01 2.530372664955556061e+01 2.777642796684065729e+01 3.549648459851089655e+01 4.880113289556238954e+01 7.198210974043847443e+01 1.042486412324186063e+02 1.462949528780728485e+02
3.692655475005842902e+01 2.530944921106976864e+01 1.925544116337886891e+01 1.912994034439013191e+01 2.243206199768700415e+01 3.232426536658006455e+01 4.563307909614986357e+01 6.862789352579844149e+01 1.011520817506415710e+02 1.466955957490107778e+02
2.766450199723379910e+01 2.076438517749273771e+01 1.543597292472426474e+01 1.529700760513912883e+01 1.881434445162456015e+01 2.968221684399645000e+01 4.625466244241039249e+01 6.916779804280176336e+01 9.929510426076566887e+01 1.403709898771336952e+02
1.957390360187079636e+01 1.559343859645444752e+01 1.149259716695415712e+01 1.153593569149900055e+01 1.701520027315665828e+01 2.656030021870707003e+01 4.597800552703637322e+01 7.302582761858710114e+01 1.049021680339524352e+02 1.422323160386994800e+02
1.831548095581225866e+01 1.123742882161025491e+01 7.809783584082687469e+00 8.979800374148361186e+00 1.345650556089765537e+01 2.666981783396453665e+01 4.698734776562523763e+01 7.138380354549289564e+01 1.015055304615594025e+02 1.539858650558188913e+02
1.600503069143278978e+01 6.248006321789116413e+00 4.908311954893454399e+00 7.113921130971921691e+00 1.385973852601164680e+01 2.796855678999857986e+01 4.601947749225580964e+01 7.405141265119330285e+01 1.078116157572474378e+02 1.528929355383864959e+02
1.155914345461856563e+01 5.663291981510110595e+00 4.233528293462075709e+00 5.867671889781215455e+00 1.440288754445571406e+01 2.943205859821747694e+01 4.899353752878270996e+01 7.775195557267669244e+01 1.130377768317271148e+02 1.595753359204976789e+02
