3.373252902032782430e+01 2.325192880351657720e+01 2.163610932409723375e+01 2.055178997571615085e+01 1.973432591188984375e+01 1.967484515716480686e+01 1.768097860591662496e+01 1.899390486935133993e+01 2.049232085395402336e+01 1.863409902172244514e+01
3.693438904368272802e+01 2.680372417699438969e+01 2.365062803269946912e+01 2.029359683786987389e+01 1.935678018603248773e+01 1.887550179593804600e+01 1.854890076445107994e+01 1.933801188501671575e+01 1.888444463511565985e+01 1.940894126950004406e+01
3.403933154229952152e+01 2.631646160986860394e+01 2.170625966380967498e+01 1.883087110790420837e+01 1.903412400777381208e+01 1.882403073403784077e+01 1.874101311515089208e+01 1.908453496328761645e+01 1.852619284991255100e+01 1.903772305458576142e+01
3.322309809549798842e+01 2.707095784092541635e+01 2.209171938943464042e+01 1.982730420511254721e+01 2.037939991304669007e+01 1.926704186699430821e+01 1.952086418471527907e+01 1.982677932349285754e+01 1.985888796416174529e+01 1.987265685765850165e+01
3.251541214644279165e+01 2.551953526087392277e+01 2.101583551536938188e+01 2.170580383279631675e+01 2.041768307603155463e+01 1.986566521402544083e+01 2.118950021464917199e+01 1.995417448656375825e+01 1.968895119281024364e+01 2.046916469192101573e+01
3.342477772411666592e+01 2.361638862598287503e+01 2.095648452173511345e+01 1.954503778719122309e+01 2.170830985357881460e+01 2.123320219987652635e+01 2.048346474399329509e+01 2.124132442660078013e+01 2.143896006318845338e+01 2.030786156360652939e+01
3.374538434752825111e+01 2.537319059270513222e+01 2.249230269579454244e+01 2.031950710460222354e+01 1.941914542717011471e+01 2.105086463965776744e+01 2.048329436111124124e+01 2.155412072572519122e+01 2.258172525890001481e+01 2.282093466937029547e+01
2.951714039330437345e+01 2.269230556784183150e+01 2.157169296971087746e+01 1.948113255039176295e+01 2.040428501937048367e+01 2.040225254549305944e+01 2.180112563394638414e+01 2.116404610110222251e+01 2.208707853347566896e+01 2.359096683327408073e+01
3.008064906385004633e+01 2.288479110356874457e+01 1.959290433512751051e+01 1.952447114594664868e+01 2.029076741489804192e+01 2.117719328898373377e+01 2.168093585594854744e+01 2.222794238727103533e+01 2.197052603587927777e+01 2.450915862172689685e+01
2.999709535598607602e+01 2.250709730809957065e+01 1.960328641784498060e+01 1.932797538950270777e+01 2.021084196775190023e+01 1.983900652601234782e+01 2.121032155935608898e+01 2.258110731918736036e+01 2.359728499133931479e+01 2.203929337540675348e+01
