3.140795416130039541e+01 2.592742721105133086e+01 1.906306396907326928e+01 1.886122955710981586e+01 2.321485216660847684e+01 3.376190378398606384e+01 5.306332401002811849e+01 7.545488509477810624e+01 1.017491950583036555e+02 1.475064834195267736e+02
3.412692360864713237e+01 2.529837871864968690e+01 1.975697203293944426e+01 1.848322762282824527e+01 2.240199068501629043e+01 3.317566650544254969e+01 5.312729248852591013e+01 7.285946166039600769e+01 1.094242279790990864e+02 1.424274510525648623e+02
3.354996241035418336e+01 2.262997516126829112e+01 1.926293438823649140e+01 1.989173395878478701e+01 2.225131623518269208e+01 3.165320083777173821e+01 4.844252632563973293e+01 7.137443956024999636e+01 1.055377665850273559e+02 1.493826365298862413e+02
3.323313378530194484e+01 2.616871647165939407e+01 1.908975959690089041e+01 1.932835237998438771e+01 2.388441510062867223e+01 3.350439133599017083e+01 4.601750089409198097e+01 7.417284699002658499e+01 1.067729514521918190e+02 1.463482421735079697e+02
3.330787965811241236e+01 2.860747336586589995e+01 2.123861732303749861e+01 1.889942723257519219e+01 2.358274449498828318e+01 3.065126789523506545e+01 4.732751489787508348e+01 6.956782406876271807e+01 1.055534402113498089e+02 1.437625979906853217e+02
3.870295411501015792e+01 2.853303372886510658e+01 2.120475679245792122e+01 2.028434712897043113e+01 2.427724374057025969e+01 3.341041230529742023e+01 5.092960344350463942e+01 6.723629706875888701e+01 1.045340179955413191e+02 1.418407540958320396e+02
3.553658846365058821e+01 2.765546752791432894e+01 2.084644573489432418e+01 2.072639859829090270e+01 2.421846147202953148e+01 3.329309222281214886e+01 5.079616676529082042e+01 6.729986853966677529e+01 1.030232467872457960e+02 1.466044177527233501e+02
3.612529507562020825e+01 2.923459251454726981e+01 2.178117875787760838e+01 2.133100296260496265e+01 2.430919712217109563e+01 3.302222708996315248e+01 4.967559903958378698e+01 6.864721473601153434e+01 9.883606295581017775e+01 1.401264535115980721e+02
3.966211285059387848e+01 2.928229755771611309e+01 2.397147047770599215e+01 2.251583519938375133e+01 2.414322676839220350e+01 3.420437147633489161e+01 4.738881077594616897e+01 6.788581341039176209e+01 9.996158024485079352e+01 1.371051997876799078e+02
3.595427872176203721e+01 2.606658754485685492e+01 2.385611529340488701e+01 2.164769604116375490e+01 2.522829582727654341e+01 3.417421770815467852e+01 4.917359356138041449e+01 6.922129311024090725e+01 1.022955917657266127e+02 1.361149509931522061e+02
