4.626751352425281993e+01 4.315184219195209181e+01 3.791691553254607783e+01 3.347717811389295406e+01 2.962762399007695535e+01 2.769471899127096393e+01 2.351296999059435677e+01 2.072547059103000322e+01 1.846367529210645131e+01 1.483245730120554384e+01 1.217253286564232262e+01 1.042460244558041360e+01 8.444655619156174353e+00 6.470027427954199162e+00 5.816684876841941687e+00 5.283342357800930422e+00 3.811924688225617697e+00 2.303980604146704358e+00 2.541866382563783056e+00 1.634513313810920465e+00
4.772463249248470163e+01 4.277744532963181712e+01 3.727918157911323505e+01 3.282266539436825781e+01 3.016280064338048916e+01 2.743415926187091003e+01 2.268138993110905943e+01 2.069406802063197404e+01 1.838401481691588657e+01 1.577203290549577730e+01 1.284202218736495027e+01 1.083952398869145028e+01 8.992538576113119575e+00 7.709133869405320638e+00 6.017285111270875397e+00 4.880960978179731846e+00 3.195736894442989140e+00 2.842046610607940949e+00 2.542037960474256231e+00 1.559309935885095921e+00
4.701862300759939473e+01 4.187607050132989173e+01 3.753956303473061240e+01 3.343636075822109177e+01 3.098419216736688497e+01 2.708341608007693679e+01 2.338266927397712180e+01 2.062001921436409901e+01 1.857427298943314042e+01 1.591173706294356371e+01 1.280091395370516949e+01 1.090157121184197919e+01 9.439722643839242977e+00 7.387366755667973628e+00 7.164188303560926840e+00 4.835304993123940243e+00 3.774345582489979201e+00 2.458574173169091548e+00 2.038540527078592568e+00 1.469994534248301843e+00
4.709275619375375044e+01 4.164624877478968301e+01 3.849355617376265570e+01 3.569544227680393078e+01 3.107082785993830498e+01 2.695723907416164877e+01 2.285671855554038956e+01 2.097678996975474419e+01 1.756418166593940100e+01 1.513650518805862433e+01 1.237840299813421829e+01 1.106822698517871473e+01 9.559075161294433798e+00 7.984065008289642940e+00 6.510672701118230599e+00 4.897977984091888892e+00 3.494842644383608032e+00 2.680831352631359632e+00 2.389955652724861324e+00 1.745536242125256265e+00
4.564950033174683597e+01 4.317930517079342678e+01 3.568173822848373078e+01 3.463689845923278909e+01 2.821202393623479665e+01 2.809116837183643156e+01 2.467150865880902444e+01 2.260156866439223933e+01 1.841195168171218199e+01 1.558710466385556614e+01 1.282676084917427239e+01 1.114185032056637503e+01 9.979870031563907062e+00 7.826758722559667980e+00 5.934678622273451332e+00 4.564318706089776967e+00 3.767367234327910985e+00 3.667551158396023414e+00 2.696111921267040579e+00 1.633571293253108792e+00
4.650356049455311336e+01 4.194807785196975658e+01 4.009022462450203506e+01 3.547763889682225624e+01 3.047611641312467512e+01 2.907295635831182778e+01 2.534969353043343077e+01 2.169226255559571825e+01 1.904553571951047886e+01 1.605166560888474692e+01 1.334108689376286350e+01 1.116967430806190897e+01 1.017952390260977147e+01 8.700404457257135959e+00 5.867214198357841859e+00 5.109425902936585828e+00 4.415727682714715385e+00 3.158162333831285640e+00 2.304090740285777983e+00 1.915926036991570269e+00
4.738672795399091342e+01 4.307620901440262173e+01 3.825691464113847928e+01 3.343080323949257604e+01 3.129982670684243118e+01 2.799386979595494296e+01 2.580725380577536754e+01 2.140914358373160553e+01 1.982718151672118978e+01 1.603069386821585240e+01 1.330681579005531212e+01 1.260336976779894691e+01 9.192795962465948989e+00 7.982567182692695162e+00 6.558719472641683979e+00 5.094669642498071305e+00 4.280387625080492420e+00 2.901060147156468094e+00 2.480424178613065855e+00 1.794595105532083013e+00
4.607712277041614612e+01 4.145159213938413245e+01 3.943245534374248962e+01 3.389650865057760143e+01 3.137193241028325019e+01 2.780936375871722888e+01 2.351710058363740785e+01 2.219351364305960672e+01 1.867769178072148151e+01 1.741657733593644153e+01 1.472996238007404912e+01 1.146007011412418208e+01 9.488335134092325873e+00 8.602976733887812699e+00 6.777189816977961634e+00 5.316014610808548646e+00 3.688423580077717201e+00 3.048845766099326671e+00 2.210012789518756016e+00 2.195643917631506792e+00
4.723409574916585285e+01 4.485833133939738104e+01 3.861344565676785834e+01 3.631538232882932249e+01 3.194564365829720387e+01 2.696438109776062930e+01 2.647133703330254662e+01 2.117853703094745654e+01 1.958228346817749710e+01 1.671001503454666448e+01 1.438589911771379981e+01 1.340136164296362153e+01 1.059519870768125038e+01 8.151204319344822480e+00 7.130006397768003268e+00 5.074382998339379114e+00 4.499696213438995507e+00 3.062303721298062609e+00 2.615180960158775214e+00 2.318850182417234507e+00
4.950827778219821340e+01 4.797749634912793937e+01 4.037850375865901498e+01 3.586580454969588061e+01 3.306948858780156542e+01 2.877022242309905309e+01 2.571267258177909198e+01 2.351130903961773910e+01 1.877603416824906901e+01 1.698596722617404708e+01 1.466230746087616410e+01 1.086484224051398328e+01 9.543035576250506580e+00 9.512787579573787511e+00 7.471883981144303633e+00 5.696150353675912825e+00 4.808457099920474320e+00 3.407129505278859050e+00 2.470850787475299626e+00 2.319226277999373753e+00
4.772228576786078946e+01 4.495920781994682613e+01 3.964085798130068383e+01 3.779064285714347449e+01 3.288307386224843754e+01 2.811318511659843722e+01 2.837321438324463330e+01 2.234445683507177804e+01 1.933488329529460614e+01 1.783061040843302436e+01 1.419715063166766100e+01 1.367172322267975915e+01 1.027166792761754621e+01 9.308409400413324875e+00 6.966553996605423293e+00 6.492654108030396110e+00 4.715298145553752818e+00 3.428526353615496625e+00 3.174377721118214701e+00 2.222180883928756678e+00
5.204015517822260506e+01 4.508604562468510579e+01 4.186370276128925383e+01 3.669329404899193747e+01 3.366881833254366541e+01 2.931112470631352807e+01 2.641493416664255633e+01 2.423553485502484506e+01 2.077880677849727675e+01 1.836631351713599969e+01 1.543404927166001350e+01 1.246412219612695260e+01 1.044780475427305966e+01 1.084471350328433559e+01 7.089691652813330691e+00 6.694761362910277569e+00 5.223646617210112808e+00 3.951692517528173632e+00 2.704757323757533527e+00 2.706075465020042259e+00
5.030948989816295125e+01 4.548013993019941381e+01 4.168706577369901822e+01 3.612449606616354458e+01 3.360026257208767220e+01 3.187069056671561995e+01 2.695580584104620669e+01 2.464911402828403197e+01 2.132715863825160341e+01 1.851460808162669736e+01 1.473482565396752264e+01 1.474307750823327190e+01 1.139063258211627350e+01 9.959605017084522061e+00 6.757882581322219195e+00 7.465357629173981380e+00 5.394998412601591298e+00 4.529427584687953257e+00 4.080310894764698659e+00 2.432232874104141462e+00
5.296566534316563946e+01 4.658438868749360040e+01 4.171553697792129611e+01 3.707036169464067399e+01 3.316371175016322326e+01 3.090440867167184535e+01 2.689514311602775365e+01 2.431705363641157192e+01 2.247750440758515822e+01 1.709671258256815563e+01 1.560801254409857464e+01 1.292790780012612828e+01 1.054595098613089732e+01 8.797702201947336320e+00 7.771607567222313939e+00 6.306691948183827279e+00 5.797389452207084126e+00 4.189087878768718909e+00 4.279747806994720349e+00 3.118240296967131009e+00
5.321150734293922824e+01 4.601404424823367378e+01 4.130116277483148934e+01 3.835029977204535356e+01 3.598039731854078838e+01 3.123436491969130202e+01 2.799776406541288409e+01 2.484456627759144354e+01 2.200654031007169209e+01 1.744979020091936661e+01 1.569381336561846396e+01 1.375888842310852667e+01 1.110030928686988183e+01 1.080294854862564691e+01 8.889243389520604666e+00 7.606415138260258502e+00 6.869773210645320205e+00 4.916544550528723967e+00 4.103601472304028164e+00 3.366765813438365562e+00
5.013849068807415676e+01 4.629691560025275976e+01 4.326994303976844236e+01 3.800117124383564260e+01 3.413018107473602214e+01 3.230229952349487377e+01 2.875774134554651340e+01 2.515655828804821681e+01 2.238518002385039551e+01 1.808256951084858244e+01 1.664011946448207269e+01 1.443506186636537691e+01 1.121442227118790136e+01 1.147133366945485378e+01 8.451358737494039985e+00 7.464515284261448613e+00 5.516647646521006365e+00 5.541092388567579796e+00 5.007697481867828593e+00 3.171048781695863905e+00
4.992157609144803132e+01 4.667182918321281448e+01 4.233607080094702724e+01 3.888592684760755702e+01 3.560844703673036804e+01 3.192414635031536108e+01 2.770377459283532318e+01 2.646544889566484926e+01 2.127187214488480649e+01 1.912666167203764189e+01 1.764960513274969500e+01 1.424769485393757762e+01 1.087050451839704657e+01 9.638229254092733456e+00 9.210644345469226835e+00 9.046399309803025091e+00 5.574550753995305641e+00 5.340838991691768456e+00 4.485719007940609515e+00 3.241748062733349478e+00
4.976889689001441752e+01 4.840352960503916080e+01 4.287282787265237260e+01 3.907970471197367601e+01 3.391177355503587165e+01 3.159487449011887250e+01 2.966298853847811046e+01 2.612042814038435168e+01 2.321780291082966130e+01 1.915563139763850842e+01 1.838953483693095592e+01 1.287815480545065583e+01 1.190962661593955296e+01 9.891380838045252588e+00 9.501156563409432820e+00 7.835647699884851214e+00 6.064025573544844505e+00 4.408215495770694048e+00 4.573791100737146564e+00 3.270035683487928502e+00
5.103124916088949448e+01 4.798774267449088882e+01 4.453062359119650893e+01 3.731300925667878943e+01 3.500882448428396287e+01 2.997801699217988869e+01 2.915069846326506209e+01 2.506690588602396019e+01 2.206326255653355872e+01 1.914422773109094322e+01 1.541661818573416554e+01 1.552128282610400944e+01 1.184517993789605406e+01 1.074776694322378212e+01 9.085123523588176653e+00 7.914855230032118882e+00 6.947141017397577833e+00 5.725095836067492172e+00 5.188760060850929889e+00 3.683903640055506301e+00
5.220943718343593787e+01 4.803379814336881282e+01 4.091511567492526069e+01 3.811767093297538622e+01 3.670823583853222516e+01 3.100077689077085807e+01 2.995375139781376461e+01 2.541522706675080201e+01 2.225253741427749077e+01 1.891023755592946998e+01 1.706402247905142389e+01 1.383948360535824484e+01 1.204591072652895178e+01 1.052441663654340687e+01 8.742926740203767366e+00 8.490294769462757074e+00 7.510940664630135544e+00 5.779017328426564681e+00 4.740941749541437211e+00 4.708155220854140843e+00
