#  n+238U
# Incident Energy =   15.85169
# Particle spectrum from Pre-equilibrium emission from 239U
# num energy points =  128
#  E (MeV)               g               n               p
  0.000000   0.0000000E+00   0.0000000E+00   0.0000000E+00
  0.201087   0.0000000E+00   0.1871393E-01   0.9031854E-11
  0.402175   0.0000000E+00   0.3582893E-01   0.8412202E-11
  0.603262   0.0000000E+00   0.4746415E-01   0.7841316E-11
  0.804350   0.0000000E+00   0.6049812E-01   0.7315167E-11
  1.005437   0.0000000E+00   0.7925710E-01   0.6830046E-11
  1.206525   0.0000000E+00   0.9988484E-01   0.6382544E-11
  1.407612   0.0000000E+00   0.1145216E+00   0.5969524E-11
  1.608700   0.0000000E+00   0.1212444E+00   0.5588106E-11
  1.809787   0.0000000E+00   0.1228886E+00   0.5235645E-11
  2.010875   0.0000000E+00   0.1215122E+00   0.4907072E-11
  2.211962   0.0000000E+00   0.1186307E+00   0.4639551E-11
  2.413050   0.0000000E+00   0.1153788E+00   0.5073096E-11
  2.614137   0.0000000E+00   0.1123732E+00   0.1169604E-10
  2.815224   0.0000000E+00   0.1097609E+00   0.5855065E-10
  3.016312   0.0000000E+00   0.1073685E+00   0.3185446E-09
  3.217399   0.0000000E+00   0.1050478E+00   0.1531099E-08
  3.418487   0.0000000E+00   0.1027231E+00   0.6353270E-08
  3.619574   0.0000000E+00   0.1003811E+00   0.2314590E-07
  3.820662   0.0000000E+00   0.9807950E-01   0.7528495E-07
  4.021749   0.0000000E+00   0.9587985E-01   0.2216017E-06
  4.222837   0.0000000E+00   0.9384258E-01   0.5973818E-06
  4.423924   0.0000000E+00   0.9198969E-01   0.1488146E-05
  4.625012   0.0000000E+00   0.9035037E-01   0.3448305E-05
  4.826099   0.0000000E+00   0.8893580E-01   0.7511078E-05
  5.027187   0.0000000E+00   0.8775624E-01   0.1546042E-04
  5.228274   0.0000000E+00   0.8680670E-01   0.3120192E-04
  5.429361   0.0000000E+00   0.8607884E-01   0.3037262E-03
  5.630449   0.0000000E+00   0.8553047E-01   0.3616301E-03
  5.831536   0.0000000E+00   0.8514353E-01   0.6061990E-03
  6.032624   0.0000000E+00   0.8481300E-01   0.7725133E-03
  6.233711   0.0000000E+00   0.8451642E-01   0.1351234E-02
  6.434799   0.0000000E+00   0.8414703E-01   0.1969788E-02
  6.635886   0.0000000E+00   0.8367170E-01   0.3080547E-02
  6.836974   0.0000000E+00   0.8302441E-01   0.4535700E-02
  7.038061   0.0000000E+00   0.8217182E-01   0.6481017E-02
  7.239149   0.0000000E+00   0.8112181E-01   0.9215600E-02
  7.440236   0.0000000E+00   0.7989697E-01   0.1273043E-01
  7.641324   0.0000000E+00   0.7848591E-01   0.1735945E-01
  7.842411   0.0000000E+00   0.7697251E-01   0.2316172E-01
  8.043498   0.0000000E+00   0.7534391E-01   0.3039819E-01
  8.244586   0.0000000E+00   0.7362152E-01   0.3934319E-01
  8.445673   0.0000000E+00   0.7185635E-01   0.5019382E-01
  8.646761   0.0000000E+00   0.7004051E-01   0.6310391E-01
  8.847848   0.0000000E+00   0.6819579E-01   0.7819936E-01
  9.048936   0.0000000E+00   0.6634653E-01   0.9556400E-01
  9.250023   0.0000000E+00   0.6448941E-01   0.1152831E+00
  9.451111   0.0000000E+00   0.6263489E-01   0.1373116E+00
  9.652198   0.0000000E+00   0.6079204E-01   0.1615314E+00
  9.853286   0.0000000E+00   0.5895687E-01   0.1874940E+00
 10.054373   0.0000000E+00   0.5713015E-01   0.2147624E+00
 10.255461   0.0000000E+00   0.5531136E-01   0.2427667E+00
 10.456548   0.0000000E+00   0.5349396E-01   0.2705662E+00
 10.657635   0.0000000E+00   0.5167360E-01   0.2968894E+00
 10.858723   0.0000000E+00   0.4984275E-01   0.3207572E+00
 11.059810   0.0000000E+00   0.4799438E-01   0.3408438E+00
 11.260898   0.0000000E+00   0.4612241E-01   0.3549661E+00
 11.461985   0.0000000E+00   0.4422114E-01   0.3617208E+00
 11.663073   0.0000000E+00   0.4228679E-01   0.3594928E+00
 11.864160   0.0000000E+00   0.4031255E-01   0.3465015E+00
 12.065248   0.0000000E+00   0.3829307E-01   0.3203406E+00
 12.266335   0.0000000E+00   0.3622378E-01   0.2797662E+00
 12.467423   0.0000000E+00   0.3410918E-01   0.2231747E+00
 12.668510   0.0000000E+00   0.3193972E-01   0.0000000E+00
 12.869598   0.0000000E+00   0.2971203E-01   0.0000000E+00
 13.070685   0.0000000E+00   0.2741850E-01   0.0000000E+00
 13.271772   0.0000000E+00   0.2506039E-01   0.0000000E+00
 13.472860   0.0000000E+00   0.2263144E-01   0.0000000E+00
 13.673947   0.0000000E+00   0.2011504E-01   0.0000000E+00
 13.875035   0.0000000E+00   0.1747478E-01   0.0000000E+00
 14.076122   0.0000000E+00   0.1475044E-01   0.0000000E+00
 14.277210   0.0000000E+00   0.1187203E-01   0.0000000E+00
 14.478297   0.0000000E+00   0.0000000E+00   0.0000000E+00
 14.679385   0.0000000E+00   0.0000000E+00   0.0000000E+00
 14.880472   0.0000000E+00   0.0000000E+00   0.0000000E+00
 15.081560   0.0000000E+00   0.0000000E+00   0.0000000E+00
 15.282647   0.0000000E+00   0.0000000E+00   0.0000000E+00
 15.483735   0.0000000E+00   0.0000000E+00   0.0000000E+00
 15.684822   0.0000000E+00   0.0000000E+00   0.0000000E+00
 15.885909   0.0000000E+00   0.0000000E+00   0.0000000E+00
 16.086997   0.0000000E+00   0.0000000E+00   0.0000000E+00
 16.288084   0.0000000E+00   0.0000000E+00   0.0000000E+00
 16.489172   0.0000000E+00   0.0000000E+00   0.0000000E+00
 16.690259   0.0000000E+00   0.0000000E+00   0.0000000E+00
 16.891347   0.0000000E+00   0.0000000E+00   0.0000000E+00
 17.092434   0.0000000E+00   0.0000000E+00   0.0000000E+00
 17.293522   0.0000000E+00   0.0000000E+00   0.0000000E+00
 17.494609   0.0000000E+00   0.0000000E+00   0.0000000E+00
 17.695697   0.0000000E+00   0.0000000E+00   0.0000000E+00
 17.896784   0.0000000E+00   0.0000000E+00   0.0000000E+00
 18.097872   0.0000000E+00   0.0000000E+00   0.0000000E+00
 18.298959   0.0000000E+00   0.0000000E+00   0.0000000E+00
 18.500046   0.0000000E+00   0.0000000E+00   0.0000000E+00
 18.701134   0.0000000E+00   0.0000000E+00   0.0000000E+00
 18.902221   0.0000000E+00   0.0000000E+00   0.0000000E+00
 19.103309   0.0000000E+00   0.0000000E+00   0.0000000E+00
 19.304396   0.0000000E+00   0.0000000E+00   0.0000000E+00
 19.505484   0.0000000E+00   0.0000000E+00   0.0000000E+00
 19.706571   0.0000000E+00   0.0000000E+00   0.0000000E+00
 19.907659   0.0000000E+00   0.0000000E+00   0.0000000E+00
 20.108746   0.0000000E+00   0.0000000E+00   0.0000000E+00
 20.309834   0.0000000E+00   0.0000000E+00   0.0000000E+00
 20.510921   0.0000000E+00   0.0000000E+00   0.0000000E+00
 20.712009   0.0000000E+00   0.0000000E+00   0.0000000E+00
 20.913096   0.0000000E+00   0.0000000E+00   0.0000000E+00
 21.114183   0.0000000E+00   0.0000000E+00   0.0000000E+00
 21.315271   0.0000000E+00   0.0000000E+00   0.0000000E+00
 21.516358   0.0000000E+00   0.0000000E+00   0.0000000E+00
 21.717446   0.0000000E+00   0.0000000E+00   0.0000000E+00
 21.918533   0.0000000E+00   0.0000000E+00   0.0000000E+00
 22.119621   0.0000000E+00   0.0000000E+00   0.0000000E+00
 22.320708   0.0000000E+00   0.0000000E+00   0.0000000E+00
 22.521796   0.0000000E+00   0.0000000E+00   0.0000000E+00
 22.722883   0.0000000E+00   0.0000000E+00   0.0000000E+00
 22.923971   0.0000000E+00   0.0000000E+00   0.0000000E+00
 23.125058   0.0000000E+00   0.0000000E+00   0.0000000E+00
 23.326146   0.0000000E+00   0.0000000E+00   0.0000000E+00
 23.527233   0.0000000E+00   0.0000000E+00   0.0000000E+00
 23.728320   0.0000000E+00   0.0000000E+00   0.0000000E+00
 23.929408   0.0000000E+00   0.0000000E+00   0.0000000E+00
 24.130495   0.0000000E+00   0.0000000E+00   0.0000000E+00
 24.331583   0.0000000E+00   0.0000000E+00   0.0000000E+00
 24.532670   0.0000000E+00   0.0000000E+00   0.0000000E+00
 24.733758   0.0000000E+00   0.0000000E+00   0.0000000E+00
 24.934845   0.0000000E+00   0.0000000E+00   0.0000000E+00
 25.135933   0.0000000E+00   0.0000000E+00   0.0000000E+00
 25.337020   0.0000000E+00   0.0000000E+00   0.0000000E+00
 25.538108   0.0000000E+00   0.0000000E+00   0.0000000E+00
 25.739195   0.0000000E+00   0.0000000E+00   0.0000000E+00
