#  n+238U
# Incident Energy =   19.48647
# Particle spectrum from Pre-equilibrium emission from 239U
# num energy points =  128
#  E (MeV)               g               n               p
  0.000000   0.0000000E+00   0.0000000E+00   0.0000000E+00
  0.201087   0.0000000E+00   0.1345642E-01   0.1389537E-11
  0.402175   0.0000000E+00   0.2606802E-01   0.1307111E-11
  0.603262   0.0000000E+00   0.3493243E-01   0.1230130E-11
  0.804350   0.0000000E+00   0.4502631E-01   0.1158229E-11
  1.005437   0.0000000E+00   0.5963351E-01   0.1091063E-11
  1.206525   0.0000000E+00   0.7595217E-01   0.1028314E-11
  1.407612   0.0000000E+00   0.8797762E-01   0.9696797E-12
  1.608700   0.0000000E+00   0.9406804E-01   0.9148804E-12
  1.809787   0.0000000E+00   0.9625783E-01   0.8636533E-12
  2.010875   0.0000000E+00   0.9605805E-01   0.8153140E-12
  2.211962   0.0000000E+00   0.9461176E-01   0.7762144E-12
  2.413050   0.0000000E+00   0.9280072E-01   0.8543962E-12
  2.614137   0.0000000E+00   0.9111927E-01   0.1982399E-11
  2.815224   0.0000000E+00   0.8969385E-01   0.9984922E-11
  3.016312   0.0000000E+00   0.8839105E-01   0.5464479E-10
  3.217399   0.0000000E+00   0.8709362E-01   0.2641574E-09
  3.418487   0.0000000E+00   0.8574187E-01   0.1102211E-08
  3.619574   0.0000000E+00   0.8432657E-01   0.4037280E-08
  3.820662   0.0000000E+00   0.8289878E-01   0.1320146E-07
  4.021749   0.0000000E+00   0.8151385E-01   0.3906171E-07
  4.222837   0.0000000E+00   0.8022755E-01   0.1058457E-06
  4.423924   0.0000000E+00   0.7906365E-01   0.2650350E-06
  4.625012   0.0000000E+00   0.7805241E-01   0.6173155E-06
  4.826099   0.0000000E+00   0.7720877E-01   0.1351668E-05
  5.027187   0.0000000E+00   0.7654691E-01   0.2797006E-05
  5.228274   0.0000000E+00   0.7606767E-01   0.5675596E-05
  5.429361   0.0000000E+00   0.7576872E-01   0.5555720E-04
  5.630449   0.0000000E+00   0.7561755E-01   0.6653303E-04
  5.831536   0.0000000E+00   0.7560242E-01   0.1122035E-03
  6.032624   0.0000000E+00   0.7563372E-01   0.1438924E-03
  6.233711   0.0000000E+00   0.7569420E-01   0.2533636E-03
  6.434799   0.0000000E+00   0.7569048E-01   0.3719422E-03
  6.635886   0.0000000E+00   0.7559402E-01   0.5860150E-03
  6.836974   0.0000000E+00   0.7534592E-01   0.8696706E-03
  7.038061   0.0000000E+00   0.7491590E-01   0.1253177E-02
  7.239149   0.0000000E+00   0.7431073E-01   0.1798075E-02
  7.440236   0.0000000E+00   0.7355062E-01   0.2507999E-02
  7.641324   0.0000000E+00   0.7262454E-01   0.3455710E-02
  7.842411   0.0000000E+00   0.7160956E-01   0.4662749E-02
  8.043498   0.0000000E+00   0.7049368E-01   0.6194154E-02
  8.244586   0.0000000E+00   0.6929667E-01   0.8122789E-02
  8.445673   0.0000000E+00   0.6806710E-01   0.1051179E-01
  8.646761   0.0000000E+00   0.6679645E-01   0.1342215E-01
  8.847848   0.0000000E+00   0.6550676E-01   0.1691706E-01
  9.048936   0.0000000E+00   0.6422199E-01   0.2106042E-01
  9.250023   0.0000000E+00   0.6293982E-01   0.2592847E-01
  9.451111   0.0000000E+00   0.6167136E-01   0.3158299E-01
  9.652198   0.0000000E+00   0.6042681E-01   0.3808586E-01
  9.853286   0.0000000E+00   0.5920366E-01   0.4543982E-01
 10.054373   0.0000000E+00   0.5800425E-01   0.5366870E-01
 10.255461   0.0000000E+00   0.5682985E-01   0.6278694E-01
 10.456548   0.0000000E+00   0.5567565E-01   0.7273850E-01
 10.657635   0.0000000E+00   0.5453916E-01   0.8339804E-01
 10.858723   0.0000000E+00   0.5341503E-01   0.9474132E-01
 11.059810   0.0000000E+00   0.5229652E-01   0.1066772E+00
 11.260898   0.0000000E+00   0.5118003E-01   0.1188618E+00
 11.461985   0.0000000E+00   0.5006139E-01   0.1311942E+00
 11.663073   0.0000000E+00   0.4893860E-01   0.1435276E+00
 11.864160   0.0000000E+00   0.4780626E-01   0.1556699E+00
 12.065248   0.0000000E+00   0.4666046E-01   0.1671108E+00
 12.266335   0.0000000E+00   0.4549864E-01   0.1778061E+00
 12.467423   0.0000000E+00   0.4432978E-01   0.1875524E+00
 12.668510   0.0000000E+00   0.4314780E-01   0.1961624E+00
 12.869598   0.0000000E+00   0.4194928E-01   0.2033776E+00
 13.070685   0.0000000E+00   0.4073318E-01   0.2090734E+00
 13.271772   0.0000000E+00   0.3951026E-01   0.2131147E+00
 13.472860   0.0000000E+00   0.3828456E-01   0.2153883E+00
 13.673947   0.0000000E+00   0.3704736E-01   0.2159373E+00
 13.875035   0.0000000E+00   0.3579816E-01   0.2146983E+00
 14.076122   0.0000000E+00   0.3453658E-01   0.2115239E+00
 14.277210   0.0000000E+00   0.3327941E-01   0.2063632E+00
 14.478297   0.0000000E+00   0.3201507E-01   0.1991833E+00
 14.679385   0.0000000E+00   0.3074202E-01   0.1902349E+00
 14.880472   0.0000000E+00   0.2945906E-01   0.1792885E+00
 15.081560   0.0000000E+00   0.2816531E-01   0.1662839E+00
 15.282647   0.0000000E+00   0.2686654E-01   0.1511899E+00
 15.483735   0.0000000E+00   0.2555525E-01   0.1339810E+00
 15.684822   0.0000000E+00   0.2422924E-01   0.1147880E+00
 15.885909   0.0000000E+00   0.2288603E-01   0.9342023E-01
 16.086997   0.0000000E+00   0.2152281E-01   0.6980472E-01
 16.288084   0.0000000E+00   0.2013476E-01   0.0000000E+00
 16.489172   0.0000000E+00   0.1871912E-01   0.0000000E+00
 16.690259   0.0000000E+00   0.1727097E-01   0.0000000E+00
 16.891347   0.0000000E+00   0.1578503E-01   0.0000000E+00
 17.092434   0.0000000E+00   0.1425484E-01   0.0000000E+00
 17.293522   0.0000000E+00   0.1267185E-01   0.0000000E+00
 17.494609   0.0000000E+00   0.1101399E-01   0.0000000E+00
 17.695697   0.0000000E+00   0.9295845E-02   0.0000000E+00
 17.896784   0.0000000E+00   0.7479163E-02   0.0000000E+00
 18.097872   0.0000000E+00   0.0000000E+00   0.0000000E+00
 18.298959   0.0000000E+00   0.0000000E+00   0.0000000E+00
 18.500046   0.0000000E+00   0.0000000E+00   0.0000000E+00
 18.701134   0.0000000E+00   0.0000000E+00   0.0000000E+00
 18.902221   0.0000000E+00   0.0000000E+00   0.0000000E+00
 19.103309   0.0000000E+00   0.0000000E+00   0.0000000E+00
 19.304396   0.0000000E+00   0.0000000E+00   0.0000000E+00
 19.505484   0.0000000E+00   0.0000000E+00   0.0000000E+00
 19.706571   0.0000000E+00   0.0000000E+00   0.0000000E+00
 19.907659   0.0000000E+00   0.0000000E+00   0.0000000E+00
 20.108746   0.0000000E+00   0.0000000E+00   0.0000000E+00
 20.309834   0.0000000E+00   0.0000000E+00   0.0000000E+00
 20.510921   0.0000000E+00   0.0000000E+00   0.0000000E+00
 20.712009   0.0000000E+00   0.0000000E+00   0.0000000E+00
 20.913096   0.0000000E+00   0.0000000E+00   0.0000000E+00
 21.114183   0.0000000E+00   0.0000000E+00   0.0000000E+00
 21.315271   0.0000000E+00   0.0000000E+00   0.0000000E+00
 21.516358   0.0000000E+00   0.0000000E+00   0.0000000E+00
 21.717446   0.0000000E+00   0.0000000E+00   0.0000000E+00
 21.918533   0.0000000E+00   0.0000000E+00   0.0000000E+00
 22.119621   0.0000000E+00   0.0000000E+00   0.0000000E+00
 22.320708   0.0000000E+00   0.0000000E+00   0.0000000E+00
 22.521796   0.0000000E+00   0.0000000E+00   0.0000000E+00
 22.722883   0.0000000E+00   0.0000000E+00   0.0000000E+00
 22.923971   0.0000000E+00   0.0000000E+00   0.0000000E+00
 23.125058   0.0000000E+00   0.0000000E+00   0.0000000E+00
 23.326146   0.0000000E+00   0.0000000E+00   0.0000000E+00
 23.527233   0.0000000E+00   0.0000000E+00   0.0000000E+00
 23.728320   0.0000000E+00   0.0000000E+00   0.0000000E+00
 23.929408   0.0000000E+00   0.0000000E+00   0.0000000E+00
 24.130495   0.0000000E+00   0.0000000E+00   0.0000000E+00
 24.331583   0.0000000E+00   0.0000000E+00   0.0000000E+00
 24.532670   0.0000000E+00   0.0000000E+00   0.0000000E+00
 24.733758   0.0000000E+00   0.0000000E+00   0.0000000E+00
 24.934845   0.0000000E+00   0.0000000E+00   0.0000000E+00
 25.135933   0.0000000E+00   0.0000000E+00   0.0000000E+00
 25.337020   0.0000000E+00   0.0000000E+00   0.0000000E+00
 25.538108   0.0000000E+00   0.0000000E+00   0.0000000E+00
 25.739195   0.0000000E+00   0.0000000E+00   0.0000000E+00
