#  n+238U
# Incident Energy =   12.62077
# Particle spectrum from Pre-equilibrium emission from 239U
# num energy points =  128
#  E (MeV)               g               n               p
  0.000000   0.0000000E+00   0.0000000E+00   0.0000000E+00
  0.201087   0.0000000E+00   0.2606797E-01   0.2066422E-09
  0.402175   0.0000000E+00   0.4925814E-01   0.1905763E-09
  0.603262   0.0000000E+00   0.6443913E-01   0.1759907E-09
  0.804350   0.0000000E+00   0.8115396E-01   0.1627349E-09
  1.005437   0.0000000E+00   0.1051086E+00   0.1506733E-09
  1.206525   0.0000000E+00   0.1310336E+00   0.1396843E-09
  1.407612   0.0000000E+00   0.1486975E+00   0.1296590E-09
  1.608700   0.0000000E+00   0.1559044E+00   0.1204994E-09
  1.809787   0.0000000E+00   0.1565783E+00   0.1121179E-09
  2.010875   0.0000000E+00   0.1534962E+00   0.1043798E-09
  2.211962   0.0000000E+00   0.1486476E+00   0.9804822E-10
  2.413050   0.0000000E+00   0.1434770E+00   0.1065276E-09
  2.614137   0.0000000E+00   0.1387440E+00   0.2440525E-09
  2.815224   0.0000000E+00   0.1346098E+00   0.1214043E-08
  3.016312   0.0000000E+00   0.1308425E+00   0.6563048E-08
  3.217399   0.0000000E+00   0.1272470E+00   0.3134139E-07
  3.418487   0.0000000E+00   0.1237211E+00   0.1291842E-06
  3.619574   0.0000000E+00   0.1202394E+00   0.4673799E-06
  3.820662   0.0000000E+00   0.1168625E+00   0.1509189E-05
  4.021749   0.0000000E+00   0.1136543E+00   0.4408295E-05
  4.222837   0.0000000E+00   0.1106770E+00   0.1178691E-04
  4.423924   0.0000000E+00   0.1079466E+00   0.2910687E-04
  4.625012   0.0000000E+00   0.1054879E+00   0.6681428E-04
  4.826099   0.0000000E+00   0.1033043E+00   0.1440616E-03
  5.027187   0.0000000E+00   0.1013986E+00   0.2932723E-03
  5.228274   0.0000000E+00   0.9975186E-01   0.5847952E-03
  5.429361   0.0000000E+00   0.9835533E-01   0.5618066E-02
  5.630449   0.0000000E+00   0.9714551E-01   0.6593151E-02
  5.831536   0.0000000E+00   0.9609397E-01   0.1087756E-01
  6.032624   0.0000000E+00   0.9507493E-01   0.1362020E-01
  6.233711   0.0000000E+00   0.9405744E-01   0.2336343E-01
  6.434799   0.0000000E+00   0.9291792E-01   0.3332684E-01
  6.635886   0.0000000E+00   0.9161705E-01   0.5086982E-01
  6.836974   0.0000000E+00   0.9008123E-01   0.7288502E-01
  7.038061   0.0000000E+00   0.8827495E-01   0.1009894E+00
  7.239149   0.0000000E+00   0.8620856E-01   0.1386719E+00
  7.440236   0.0000000E+00   0.8390817E-01   0.1840664E+00
  7.641324   0.0000000E+00   0.8136156E-01   0.2397207E+00
  7.842411   0.0000000E+00   0.7866484E-01   0.3032073E+00
  8.043498   0.0000000E+00   0.7580083E-01   0.3737260E+00
  8.244586   0.0000000E+00   0.7279240E-01   0.4488513E+00
  8.445673   0.0000000E+00   0.6969057E-01   0.5230501E+00
  8.646761   0.0000000E+00   0.6648446E-01   0.5877992E+00
  8.847848   0.0000000E+00   0.6319365E-01   0.6312560E+00
  9.048936   0.0000000E+00   0.5983659E-01   0.6374924E+00
  9.250023   0.0000000E+00   0.5640427E-01   0.5858393E+00
  9.451111   0.0000000E+00   0.5289388E-01   0.0000000E+00
  9.652198   0.0000000E+00   0.4931516E-01   0.0000000E+00
  9.853286   0.0000000E+00   0.4564356E-01   0.0000000E+00
 10.054373   0.0000000E+00   0.4186479E-01   0.0000000E+00
 10.255461   0.0000000E+00   0.3795900E-01   0.0000000E+00
 10.456548   0.0000000E+00   0.3389669E-01   0.0000000E+00
 10.657635   0.0000000E+00   0.2958619E-01   0.0000000E+00
 10.858723   0.0000000E+00   0.2513438E-01   0.0000000E+00
 11.059810   0.0000000E+00   0.2035331E-01   0.0000000E+00
 11.260898   0.0000000E+00   0.0000000E+00   0.0000000E+00
 11.461985   0.0000000E+00   0.0000000E+00   0.0000000E+00
 11.663073   0.0000000E+00   0.0000000E+00   0.0000000E+00
 11.864160   0.0000000E+00   0.0000000E+00   0.0000000E+00
 12.065248   0.0000000E+00   0.0000000E+00   0.0000000E+00
 12.266335   0.0000000E+00   0.0000000E+00   0.0000000E+00
 12.467423   0.0000000E+00   0.0000000E+00   0.0000000E+00
 12.668510   0.0000000E+00   0.0000000E+00   0.0000000E+00
 12.869598   0.0000000E+00   0.0000000E+00   0.0000000E+00
 13.070685   0.0000000E+00   0.0000000E+00   0.0000000E+00
 13.271772   0.0000000E+00   0.0000000E+00   0.0000000E+00
 13.472860   0.0000000E+00   0.0000000E+00   0.0000000E+00
 13.673947   0.0000000E+00   0.0000000E+00   0.0000000E+00
 13.875035   0.0000000E+00   0.0000000E+00   0.0000000E+00
 14.076122   0.0000000E+00   0.0000000E+00   0.0000000E+00
 14.277210   0.0000000E+00   0.0000000E+00   0.0000000E+00
 14.478297   0.0000000E+00   0.0000000E+00   0.0000000E+00
 14.679385   0.0000000E+00   0.0000000E+00   0.0000000E+00
 14.880472   0.0000000E+00   0.0000000E+00   0.0000000E+00
 15.081560   0.0000000E+00   0.0000000E+00   0.0000000E+00
 15.282647   0.0000000E+00   0.0000000E+00   0.0000000E+00
 15.483735   0.0000000E+00   0.0000000E+00   0.0000000E+00
 15.684822   0.0000000E+00   0.0000000E+00   0.0000000E+00
 15.885909   0.0000000E+00   0.0000000E+00   0.0000000E+00
 16.086997   0.0000000E+00   0.0000000E+00   0.0000000E+00
 16.288084   0.0000000E+00   0.0000000E+00   0.0000000E+00
 16.489172   0.0000000E+00   0.0000000E+00   0.0000000E+00
 16.690259   0.0000000E+00   0.0000000E+00   0.0000000E+00
 16.891347   0.0000000E+00   0.0000000E+00   0.0000000E+00
 17.092434   0.0000000E+00   0.0000000E+00   0.0000000E+00
 17.293522   0.0000000E+00   0.0000000E+00   0.0000000E+00
 17.494609   0.0000000E+00   0.0000000E+00   0.0000000E+00
 17.695697   0.0000000E+00   0.0000000E+00   0.0000000E+00
 17.896784   0.0000000E+00   0.0000000E+00   0.0000000E+00
 18.097872   0.0000000E+00   0.0000000E+00   0.0000000E+00
 18.298959   0.0000000E+00   0.0000000E+00   0.0000000E+00
 18.500046   0.0000000E+00   0.0000000E+00   0.0000000E+00
 18.701134   0.0000000E+00   0.0000000E+00   0.0000000E+00
 18.902221   0.0000000E+00   0.0000000E+00   0.0000000E+00
 19.103309   0.0000000E+00   0.0000000E+00   0.0000000E+00
 19.304396   0.0000000E+00   0.0000000E+00   0.0000000E+00
 19.505484   0.0000000E+00   0.0000000E+00   0.0000000E+00
 19.706571   0.0000000E+00   0.0000000E+00   0.0000000E+00
 19.907659   0.0000000E+00   0.0000000E+00   0.0000000E+00
 20.108746   0.0000000E+00   0.0000000E+00   0.0000000E+00
 20.309834   0.0000000E+00   0.0000000E+00   0.0000000E+00
 20.510921   0.0000000E+00   0.0000000E+00   0.0000000E+00
 20.712009   0.0000000E+00   0.0000000E+00   0.0000000E+00
 20.913096   0.0000000E+00   0.0000000E+00   0.0000000E+00
 21.114183   0.0000000E+00   0.0000000E+00   0.0000000E+00
 21.315271   0.0000000E+00   0.0000000E+00   0.0000000E+00
 21.516358   0.0000000E+00   0.0000000E+00   0.0000000E+00
 21.717446   0.0000000E+00   0.0000000E+00   0.0000000E+00
 21.918533   0.0000000E+00   0.0000000E+00   0.0000000E+00
 22.119621   0.0000000E+00   0.0000000E+00   0.0000000E+00
 22.320708   0.0000000E+00   0.0000000E+00   0.0000000E+00
 22.521796   0.0000000E+00   0.0000000E+00   0.0000000E+00
 22.722883   0.0000000E+00   0.0000000E+00   0.0000000E+00
 22.923971   0.0000000E+00   0.0000000E+00   0.0000000E+00
 23.125058   0.0000000E+00   0.0000000E+00   0.0000000E+00
 23.326146   0.0000000E+00   0.0000000E+00   0.0000000E+00
 23.527233   0.0000000E+00   0.0000000E+00   0.0000000E+00
 23.728320   0.0000000E+00   0.0000000E+00   0.0000000E+00
 23.929408   0.0000000E+00   0.0000000E+00   0.0000000E+00
 24.130495   0.0000000E+00   0.0000000E+00   0.0000000E+00
 24.331583   0.0000000E+00   0.0000000E+00   0.0000000E+00
 24.532670   0.0000000E+00   0.0000000E+00   0.0000000E+00
 24.733758   0.0000000E+00   0.0000000E+00   0.0000000E+00
 24.934845   0.0000000E+00   0.0000000E+00   0.0000000E+00
 25.135933   0.0000000E+00   0.0000000E+00   0.0000000E+00
 25.337020   0.0000000E+00   0.0000000E+00   0.0000000E+00
 25.538108   0.0000000E+00   0.0000000E+00   0.0000000E+00
 25.739195   0.0000000E+00   0.0000000E+00   0.0000000E+00
