#  n+235U
# Incident Energy =   10.10000
# Particle spectrum from Pre-equilibrium emission from 236U
# num energy points =  138
#  E (MeV)               g               n               p
  0.000000   0.0000000E+00   0.0000000E+00   0.0000000E+00
  0.199153   0.0000000E+00   0.3009405E-01   0.6608980E-09
  0.398305   0.0000000E+00   0.5722591E-01   0.6063191E-09
  0.597458   0.0000000E+00   0.7510522E-01   0.5571867E-09
  0.796610   0.0000000E+00   0.9341649E-01   0.5128862E-09
  0.995763   0.0000000E+00   0.1189955E+00   0.4728739E-09
  1.194915   0.0000000E+00   0.1485608E+00   0.4366686E-09
  1.394068   0.0000000E+00   0.1715013E+00   0.4038450E-09
  1.593220   0.0000000E+00   0.1825654E+00   0.3740272E-09
  1.792373   0.0000000E+00   0.1850298E+00   0.3468833E-09
  1.991525   0.0000000E+00   0.1823627E+00   0.3219897E-09
  2.190678   0.0000000E+00   0.1771282E+00   0.3003898E-09
  2.389831   0.0000000E+00   0.1710969E+00   0.3088824E-09
  2.588983   0.0000000E+00   0.1653746E+00   0.5812439E-09
  2.788136   0.0000000E+00   0.1603240E+00   0.2551621E-08
  2.987288   0.0000000E+00   0.1557741E+00   0.1365575E-07
  3.186441   0.0000000E+00   0.1515294E+00   0.6493481E-07
  3.385593   0.0000000E+00   0.1473649E+00   0.2688711E-06
  3.584746   0.0000000E+00   0.1431594E+00   0.9792730E-06
  3.783898   0.0000000E+00   0.1389409E+00   0.3171565E-05
  3.983051   0.0000000E+00   0.1347911E+00   0.9342448E-05
  4.182203   0.0000000E+00   0.1307942E+00   0.2522862E-04
  4.381356   0.0000000E+00   0.1269725E+00   0.6280549E-04
  4.580508   0.0000000E+00   0.1233629E+00   0.1455694E-03
  4.779661   0.0000000E+00   0.1199995E+00   0.3164063E-03
  4.978814   0.0000000E+00   0.1168460E+00   0.6489796E-03
  5.177966   0.0000000E+00   0.1138974E+00   0.1262619E-02
  5.377119   0.0000000E+00   0.1111448E+00   0.5611124E-02
  5.576271   0.0000000E+00   0.1085365E+00   0.2792078E-01
  5.775424   0.0000000E+00   0.1060099E+00   0.2135214E-01
  5.974576   0.0000000E+00   0.1034882E+00   0.3857379E-01
  6.173729   0.0000000E+00   0.1008911E+00   0.4986258E-01
  6.372881   0.0000000E+00   0.9810870E-01   0.8261052E-01
  6.572034   0.0000000E+00   0.9504082E-01   0.1131154E+00
  6.771186   0.0000000E+00   0.9163485E-01   0.1674228E+00
  6.970339   0.0000000E+00   0.8781700E-01   0.2240746E+00
  7.169492   0.0000000E+00   0.8357589E-01   0.3018552E+00
  7.368644   0.0000000E+00   0.7892470E-01   0.3901055E+00
  7.567797   0.0000000E+00   0.7385246E-01   0.4867136E+00
  7.766949   0.0000000E+00   0.6838380E-01   0.5837510E+00
  7.966102   0.0000000E+00   0.6253657E-01   0.6624895E+00
  8.165254   0.0000000E+00   0.5629310E-01   0.7034106E+00
  8.364407   0.0000000E+00   0.4968064E-01   0.6666572E+00
  8.563559   0.0000000E+00   0.4260021E-01   0.4932748E+00
  8.762712   0.0000000E+00   0.3513485E-01   0.0000000E+00
  8.961864   0.0000000E+00   0.2708638E-01   0.0000000E+00
  9.161017   0.0000000E+00   0.1832324E-01   0.0000000E+00
  9.360169   0.0000000E+00   0.0000000E+00   0.0000000E+00
  9.559322   0.0000000E+00   0.0000000E+00   0.0000000E+00
  9.758475   0.0000000E+00   0.0000000E+00   0.0000000E+00
  9.957627   0.0000000E+00   0.0000000E+00   0.0000000E+00
 10.156780   0.0000000E+00   0.0000000E+00   0.0000000E+00
 10.355932   0.0000000E+00   0.0000000E+00   0.0000000E+00
 10.555085   0.0000000E+00   0.0000000E+00   0.0000000E+00
 10.754237   0.0000000E+00   0.0000000E+00   0.0000000E+00
 10.953390   0.0000000E+00   0.0000000E+00   0.0000000E+00
 11.152542   0.0000000E+00   0.0000000E+00   0.0000000E+00
 11.351695   0.0000000E+00   0.0000000E+00   0.0000000E+00
 11.550847   0.0000000E+00   0.0000000E+00   0.0000000E+00
 11.750000   0.0000000E+00   0.0000000E+00   0.0000000E+00
 11.949153   0.0000000E+00   0.0000000E+00   0.0000000E+00
 12.148305   0.0000000E+00   0.0000000E+00   0.0000000E+00
 12.347458   0.0000000E+00   0.0000000E+00   0.0000000E+00
 12.546610   0.0000000E+00   0.0000000E+00   0.0000000E+00
 12.745763   0.0000000E+00   0.0000000E+00   0.0000000E+00
 12.944915   0.0000000E+00   0.0000000E+00   0.0000000E+00
 13.144068   0.0000000E+00   0.0000000E+00   0.0000000E+00
 13.343220   0.0000000E+00   0.0000000E+00   0.0000000E+00
 13.542373   0.0000000E+00   0.0000000E+00   0.0000000E+00
 13.741525   0.0000000E+00   0.0000000E+00   0.0000000E+00
 13.940678   0.0000000E+00   0.0000000E+00   0.0000000E+00
 14.139831   0.0000000E+00   0.0000000E+00   0.0000000E+00
 14.338983   0.0000000E+00   0.0000000E+00   0.0000000E+00
 14.538136   0.0000000E+00   0.0000000E+00   0.0000000E+00
 14.737288   0.0000000E+00   0.0000000E+00   0.0000000E+00
 14.936441   0.0000000E+00   0.0000000E+00   0.0000000E+00
 15.135593   0.0000000E+00   0.0000000E+00   0.0000000E+00
 15.334746   0.0000000E+00   0.0000000E+00   0.0000000E+00
 15.533898   0.0000000E+00   0.0000000E+00   0.0000000E+00
 15.733051   0.0000000E+00   0.0000000E+00   0.0000000E+00
 15.932203   0.0000000E+00   0.0000000E+00   0.0000000E+00
 16.131356   0.0000000E+00   0.0000000E+00   0.0000000E+00
 16.330508   0.0000000E+00   0.0000000E+00   0.0000000E+00
 16.529661   0.0000000E+00   0.0000000E+00   0.0000000E+00
 16.728814   0.0000000E+00   0.0000000E+00   0.0000000E+00
 16.927966   0.0000000E+00   0.0000000E+00   0.0000000E+00
 17.127119   0.0000000E+00   0.0000000E+00   0.0000000E+00
 17.326271   0.0000000E+00   0.0000000E+00   0.0000000E+00
 17.525424   0.0000000E+00   0.0000000E+00   0.0000000E+00
 17.724576   0.0000000E+00   0.0000000E+00   0.0000000E+00
 17.923729   0.0000000E+00   0.0000000E+00   0.0000000E+00
 18.122881   0.0000000E+00   0.0000000E+00   0.0000000E+00
 18.322034   0.0000000E+00   0.0000000E+00   0.0000000E+00
 18.521186   0.0000000E+00   0.0000000E+00   0.0000000E+00
 18.720339   0.0000000E+00   0.0000000E+00   0.0000000E+00
 18.919492   0.0000000E+00   0.0000000E+00   0.0000000E+00
 19.118644   0.0000000E+00   0.0000000E+00   0.0000000E+00
 19.317797   0.0000000E+00   0.0000000E+00   0.0000000E+00
 19.516949   0.0000000E+00   0.0000000E+00   0.0000000E+00
 19.716102   0.0000000E+00   0.0000000E+00   0.0000000E+00
 19.915254   0.0000000E+00   0.0000000E+00   0.0000000E+00
 20.114407   0.0000000E+00   0.0000000E+00   0.0000000E+00
 20.313559   0.0000000E+00   0.0000000E+00   0.0000000E+00
 20.512712   0.0000000E+00   0.0000000E+00   0.0000000E+00
 20.711864   0.0000000E+00   0.0000000E+00   0.0000000E+00
 20.911017   0.0000000E+00   0.0000000E+00   0.0000000E+00
 21.110169   0.0000000E+00   0.0000000E+00   0.0000000E+00
 21.309322   0.0000000E+00   0.0000000E+00   0.0000000E+00
 21.508475   0.0000000E+00   0.0000000E+00   0.0000000E+00
 21.707627   0.0000000E+00   0.0000000E+00   0.0000000E+00
 21.906780   0.0000000E+00   0.0000000E+00   0.0000000E+00
 22.105932   0.0000000E+00   0.0000000E+00   0.0000000E+00
 22.305085   0.0000000E+00   0.0000000E+00   0.0000000E+00
 22.504237   0.0000000E+00   0.0000000E+00   0.0000000E+00
 22.703390   0.0000000E+00   0.0000000E+00   0.0000000E+00
 22.902542   0.0000000E+00   0.0000000E+00   0.0000000E+00
 23.101695   0.0000000E+00   0.0000000E+00   0.0000000E+00
 23.300847   0.0000000E+00   0.0000000E+00   0.0000000E+00
 23.500000   0.0000000E+00   0.0000000E+00   0.0000000E+00
 23.699153   0.0000000E+00   0.0000000E+00   0.0000000E+00
 23.898305   0.0000000E+00   0.0000000E+00   0.0000000E+00
 24.097458   0.0000000E+00   0.0000000E+00   0.0000000E+00
 24.296610   0.0000000E+00   0.0000000E+00   0.0000000E+00
 24.495763   0.0000000E+00   0.0000000E+00   0.0000000E+00
 24.694915   0.0000000E+00   0.0000000E+00   0.0000000E+00
 24.894068   0.0000000E+00   0.0000000E+00   0.0000000E+00
 25.093220   0.0000000E+00   0.0000000E+00   0.0000000E+00
 25.292373   0.0000000E+00   0.0000000E+00   0.0000000E+00
 25.491525   0.0000000E+00   0.0000000E+00   0.0000000E+00
 25.690678   0.0000000E+00   0.0000000E+00   0.0000000E+00
 25.889831   0.0000000E+00   0.0000000E+00   0.0000000E+00
 26.088983   0.0000000E+00   0.0000000E+00   0.0000000E+00
 26.288136   0.0000000E+00   0.0000000E+00   0.0000000E+00
 26.487288   0.0000000E+00   0.0000000E+00   0.0000000E+00
 26.686441   0.0000000E+00   0.0000000E+00   0.0000000E+00
 26.885593   0.0000000E+00   0.0000000E+00   0.0000000E+00
 27.084746   0.0000000E+00   0.0000000E+00   0.0000000E+00
 27.283898   0.0000000E+00   0.0000000E+00   0.0000000E+00
 27.483051   0.0000000E+00   0.0000000E+00   0.0000000E+00
