#  n+235U
# Incident Energy =    9.70000
# Particle spectrum from Pre-equilibrium emission from 236U
# num energy points =  138
#  E (MeV)               g               n               p
  0.000000   0.0000000E+00   0.0000000E+00   0.0000000E+00
  0.199153   0.0000000E+00   0.3168704E-01   0.1227969E-08
  0.398305   0.0000000E+00   0.6015126E-01   0.1125281E-08
  0.597458   0.0000000E+00   0.7881989E-01   0.1033007E-08
  0.796610   0.0000000E+00   0.9789539E-01   0.9499414E-09
  0.995763   0.0000000E+00   0.1245367E+00   0.8750195E-09
  1.194915   0.0000000E+00   0.1552918E+00   0.8073051E-09
  1.394068   0.0000000E+00   0.1790741E+00   0.7459736E-09
  1.593220   0.0000000E+00   0.1904330E+00   0.6902999E-09
  1.792373   0.0000000E+00   0.1928205E+00   0.6396463E-09
  1.991525   0.0000000E+00   0.1898705E+00   0.5932098E-09
  2.190678   0.0000000E+00   0.1842610E+00   0.5528943E-09
  2.389831   0.0000000E+00   0.1778353E+00   0.5679582E-09
  2.588983   0.0000000E+00   0.1717401E+00   0.1067622E-08
  2.788136   0.0000000E+00   0.1663473E+00   0.4681374E-08
  2.987288   0.0000000E+00   0.1614759E+00   0.2502217E-07
  3.186441   0.0000000E+00   0.1569209E+00   0.1188189E-06
  3.385593   0.0000000E+00   0.1524462E+00   0.4912331E-06
  3.584746   0.0000000E+00   0.1479244E+00   0.1786119E-05
  3.783898   0.0000000E+00   0.1433828E+00   0.5773776E-05
  3.983051   0.0000000E+00   0.1389043E+00   0.1697191E-04
  4.182203   0.0000000E+00   0.1345739E+00   0.4572321E-04
  4.381356   0.0000000E+00   0.1304126E+00   0.1135230E-03
  4.580508   0.0000000E+00   0.1264560E+00   0.2623349E-03
  4.779661   0.0000000E+00   0.1227366E+00   0.5682744E-03
  4.978814   0.0000000E+00   0.1192123E+00   0.1161085E-02
  5.177966   0.0000000E+00   0.1158786E+00   0.2248982E-02
  5.377119   0.0000000E+00   0.1127199E+00   0.9943919E-02
  5.576271   0.0000000E+00   0.1096762E+00   0.4919064E-01
  5.775424   0.0000000E+00   0.1066816E+00   0.3736105E-01
  5.974576   0.0000000E+00   0.1036529E+00   0.6695242E-01
  6.173729   0.0000000E+00   0.1005035E+00   0.8571990E-01
  6.372881   0.0000000E+00   0.9711777E-01   0.1403838E+00
  6.572034   0.0000000E+00   0.9339093E-01   0.1895275E+00
  6.771186   0.0000000E+00   0.8926628E-01   0.2756324E+00
  6.970339   0.0000000E+00   0.8466409E-01   0.3607174E+00
  7.169492   0.0000000E+00   0.7957778E-01   0.4718430E+00
  7.368644   0.0000000E+00   0.7401000E-01   0.5858373E+00
  7.567797   0.0000000E+00   0.6793708E-01   0.6896004E+00
  7.766949   0.0000000E+00   0.6137727E-01   0.7571570E+00
  7.966102   0.0000000E+00   0.5432904E-01   0.7370211E+00
  8.165254   0.0000000E+00   0.4668728E-01   0.5599636E+00
  8.364407   0.0000000E+00   0.3859693E-01   0.0000000E+00
  8.563559   0.0000000E+00   0.2980805E-01   0.0000000E+00
  8.762712   0.0000000E+00   0.2019179E-01   0.0000000E+00
  8.961864   0.0000000E+00   0.0000000E+00   0.0000000E+00
  9.161017   0.0000000E+00   0.0000000E+00   0.0000000E+00
  9.360169   0.0000000E+00   0.0000000E+00   0.0000000E+00
  9.559322   0.0000000E+00   0.0000000E+00   0.0000000E+00
  9.758475   0.0000000E+00   0.0000000E+00   0.0000000E+00
  9.957627   0.0000000E+00   0.0000000E+00   0.0000000E+00
 10.156780   0.0000000E+00   0.0000000E+00   0.0000000E+00
 10.355932   0.0000000E+00   0.0000000E+00   0.0000000E+00
 10.555085   0.0000000E+00   0.0000000E+00   0.0000000E+00
 10.754237   0.0000000E+00   0.0000000E+00   0.0000000E+00
 10.953390   0.0000000E+00   0.0000000E+00   0.0000000E+00
 11.152542   0.0000000E+00   0.0000000E+00   0.0000000E+00
 11.351695   0.0000000E+00   0.0000000E+00   0.0000000E+00
 11.550847   0.0000000E+00   0.0000000E+00   0.0000000E+00
 11.750000   0.0000000E+00   0.0000000E+00   0.0000000E+00
 11.949153   0.0000000E+00   0.0000000E+00   0.0000000E+00
 12.148305   0.0000000E+00   0.0000000E+00   0.0000000E+00
 12.347458   0.0000000E+00   0.0000000E+00   0.0000000E+00
 12.546610   0.0000000E+00   0.0000000E+00   0.0000000E+00
 12.745763   0.0000000E+00   0.0000000E+00   0.0000000E+00
 12.944915   0.0000000E+00   0.0000000E+00   0.0000000E+00
 13.144068   0.0000000E+00   0.0000000E+00   0.0000000E+00
 13.343220   0.0000000E+00   0.0000000E+00   0.0000000E+00
 13.542373   0.0000000E+00   0.0000000E+00   0.0000000E+00
 13.741525   0.0000000E+00   0.0000000E+00   0.0000000E+00
 13.940678   0.0000000E+00   0.0000000E+00   0.0000000E+00
 14.139831   0.0000000E+00   0.0000000E+00   0.0000000E+00
 14.338983   0.0000000E+00   0.0000000E+00   0.0000000E+00
 14.538136   0.0000000E+00   0.0000000E+00   0.0000000E+00
 14.737288   0.0000000E+00   0.0000000E+00   0.0000000E+00
 14.936441   0.0000000E+00   0.0000000E+00   0.0000000E+00
 15.135593   0.0000000E+00   0.0000000E+00   0.0000000E+00
 15.334746   0.0000000E+00   0.0000000E+00   0.0000000E+00
 15.533898   0.0000000E+00   0.0000000E+00   0.0000000E+00
 15.733051   0.0000000E+00   0.0000000E+00   0.0000000E+00
 15.932203   0.0000000E+00   0.0000000E+00   0.0000000E+00
 16.131356   0.0000000E+00   0.0000000E+00   0.0000000E+00
 16.330508   0.0000000E+00   0.0000000E+00   0.0000000E+00
 16.529661   0.0000000E+00   0.0000000E+00   0.0000000E+00
 16.728814   0.0000000E+00   0.0000000E+00   0.0000000E+00
 16.927966   0.0000000E+00   0.0000000E+00   0.0000000E+00
 17.127119   0.0000000E+00   0.0000000E+00   0.0000000E+00
 17.326271   0.0000000E+00   0.0000000E+00   0.0000000E+00
 17.525424   0.0000000E+00   0.0000000E+00   0.0000000E+00
 17.724576   0.0000000E+00   0.0000000E+00   0.0000000E+00
 17.923729   0.0000000E+00   0.0000000E+00   0.0000000E+00
 18.122881   0.0000000E+00   0.0000000E+00   0.0000000E+00
 18.322034   0.0000000E+00   0.0000000E+00   0.0000000E+00
 18.521186   0.0000000E+00   0.0000000E+00   0.0000000E+00
 18.720339   0.0000000E+00   0.0000000E+00   0.0000000E+00
 18.919492   0.0000000E+00   0.0000000E+00   0.0000000E+00
 19.118644   0.0000000E+00   0.0000000E+00   0.0000000E+00
 19.317797   0.0000000E+00   0.0000000E+00   0.0000000E+00
 19.516949   0.0000000E+00   0.0000000E+00   0.0000000E+00
 19.716102   0.0000000E+00   0.0000000E+00   0.0000000E+00
 19.915254   0.0000000E+00   0.0000000E+00   0.0000000E+00
 20.114407   0.0000000E+00   0.0000000E+00   0.0000000E+00
 20.313559   0.0000000E+00   0.0000000E+00   0.0000000E+00
 20.512712   0.0000000E+00   0.0000000E+00   0.0000000E+00
 20.711864   0.0000000E+00   0.0000000E+00   0.0000000E+00
 20.911017   0.0000000E+00   0.0000000E+00   0.0000000E+00
 21.110169   0.0000000E+00   0.0000000E+00   0.0000000E+00
 21.309322   0.0000000E+00   0.0000000E+00   0.0000000E+00
 21.508475   0.0000000E+00   0.0000000E+00   0.0000000E+00
 21.707627   0.0000000E+00   0.0000000E+00   0.0000000E+00
 21.906780   0.0000000E+00   0.0000000E+00   0.0000000E+00
 22.105932   0.0000000E+00   0.0000000E+00   0.0000000E+00
 22.305085   0.0000000E+00   0.0000000E+00   0.0000000E+00
 22.504237   0.0000000E+00   0.0000000E+00   0.0000000E+00
 22.703390   0.0000000E+00   0.0000000E+00   0.0000000E+00
 22.902542   0.0000000E+00   0.0000000E+00   0.0000000E+00
 23.101695   0.0000000E+00   0.0000000E+00   0.0000000E+00
 23.300847   0.0000000E+00   0.0000000E+00   0.0000000E+00
 23.500000   0.0000000E+00   0.0000000E+00   0.0000000E+00
 23.699153   0.0000000E+00   0.0000000E+00   0.0000000E+00
 23.898305   0.0000000E+00   0.0000000E+00   0.0000000E+00
 24.097458   0.0000000E+00   0.0000000E+00   0.0000000E+00
 24.296610   0.0000000E+00   0.0000000E+00   0.0000000E+00
 24.495763   0.0000000E+00   0.0000000E+00   0.0000000E+00
 24.694915   0.0000000E+00   0.0000000E+00   0.0000000E+00
 24.894068   0.0000000E+00   0.0000000E+00   0.0000000E+00
 25.093220   0.0000000E+00   0.0000000E+00   0.0000000E+00
 25.292373   0.0000000E+00   0.0000000E+00   0.0000000E+00
 25.491525   0.0000000E+00   0.0000000E+00   0.0000000E+00
 25.690678   0.0000000E+00   0.0000000E+00   0.0000000E+00
 25.889831   0.0000000E+00   0.0000000E+00   0.0000000E+00
 26.088983   0.0000000E+00   0.0000000E+00   0.0000000E+00
 26.288136   0.0000000E+00   0.0000000E+00   0.0000000E+00
 26.487288   0.0000000E+00   0.0000000E+00   0.0000000E+00
 26.686441   0.0000000E+00   0.0000000E+00   0.0000000E+00
 26.885593   0.0000000E+00   0.0000000E+00   0.0000000E+00
 27.084746   0.0000000E+00   0.0000000E+00   0.0000000E+00
 27.283898   0.0000000E+00   0.0000000E+00   0.0000000E+00
 27.483051   0.0000000E+00   0.0000000E+00   0.0000000E+00
