#  n+235U
# Incident Energy =   10.70000
# Particle spectrum from Pre-equilibrium emission from 236U
# num energy points =  138
#  E (MeV)               g               n               p
  0.000000   0.0000000E+00   0.0000000E+00   0.0000000E+00
  0.199153   0.0000000E+00   0.2792979E-01   0.2852093E-09
  0.398305   0.0000000E+00   0.5324880E-01   0.2621164E-09
  0.597458   0.0000000E+00   0.7005366E-01   0.2412680E-09
  0.796610   0.0000000E+00   0.8732618E-01   0.2224213E-09
  0.995763   0.0000000E+00   0.1114636E+00   0.2053597E-09
  1.194915   0.0000000E+00   0.1394167E+00   0.1898905E-09
  1.394068   0.0000000E+00   0.1612203E+00   0.1758422E-09
  1.593220   0.0000000E+00   0.1718914E+00   0.1630622E-09
  1.792373   0.0000000E+00   0.1744659E+00   0.1514149E-09
  1.991525   0.0000000E+00   0.1721859E+00   0.1407231E-09
  2.190678   0.0000000E+00   0.1674599E+00   0.1314494E-09
  2.389831   0.0000000E+00   0.1619592E+00   0.1353437E-09
  2.588983   0.0000000E+00   0.1567337E+00   0.2550386E-09
  2.788136   0.0000000E+00   0.1521327E+00   0.1121258E-08
  2.987288   0.0000000E+00   0.1479997E+00   0.6010275E-08
  3.186441   0.0000000E+00   0.1441543E+00   0.2862877E-07
  3.385593   0.0000000E+00   0.1403856E+00   0.1187634E-06
  3.584746   0.0000000E+00   0.1365802E+00   0.4334454E-06
  3.783898   0.0000000E+00   0.1327664E+00   0.1406977E-05
  3.983051   0.0000000E+00   0.1290244E+00   0.4154907E-05
  4.182203   0.0000000E+00   0.1254371E+00   0.1125125E-04
  4.381356   0.0000000E+00   0.1220283E+00   0.2809625E-04
  4.580508   0.0000000E+00   0.1188362E+00   0.6534640E-04
  4.779661   0.0000000E+00   0.1158972E+00   0.1425870E-03
  4.978814   0.0000000E+00   0.1131794E+00   0.2937345E-03
  5.177966   0.0000000E+00   0.1106822E+00   0.5742880E-03
  5.377119   0.0000000E+00   0.1084026E+00   0.2566400E-02
  5.576271   0.0000000E+00   0.1062925E+00   0.1285162E-01
  5.775424   0.0000000E+00   0.1042988E+00   0.9899802E-02
  5.974576   0.0000000E+00   0.1023507E+00   0.1803484E-01
  6.173729   0.0000000E+00   0.1003770E+00   0.2354040E-01
  6.372881   0.0000000E+00   0.9827232E-01   0.3944702E-01
  6.572034   0.0000000E+00   0.9594134E-01   0.5474470E-01
  6.771186   0.0000000E+00   0.9333525E-01   0.8234386E-01
  6.970339   0.0000000E+00   0.9038235E-01   0.1123800E+00
  7.169492   0.0000000E+00   0.8707336E-01   0.1550856E+00
  7.368644   0.0000000E+00   0.8342753E-01   0.2066170E+00
  7.567797   0.0000000E+00   0.7942938E-01   0.2681587E+00
  7.766949   0.0000000E+00   0.7511644E-01   0.3391104E+00
  7.966102   0.0000000E+00   0.7051442E-01   0.4149099E+00
  8.165254   0.0000000E+00   0.6562199E-01   0.4927117E+00
  8.364407   0.0000000E+00   0.6048876E-01   0.5638980E+00
  8.563559   0.0000000E+00   0.5509956E-01   0.6152898E+00
  8.762712   0.0000000E+00   0.4944174E-01   0.6278739E+00
  8.961864   0.0000000E+00   0.4351675E-01   0.5725619E+00
  9.161017   0.0000000E+00   0.3723533E-01   0.4081296E+00
  9.360169   0.0000000E+00   0.3065522E-01   0.0000000E+00
  9.559322   0.0000000E+00   0.2359859E-01   0.0000000E+00
  9.758475   0.0000000E+00   0.1594608E-01   0.0000000E+00
  9.957627   0.0000000E+00   0.0000000E+00   0.0000000E+00
 10.156780   0.0000000E+00   0.0000000E+00   0.0000000E+00
 10.355932   0.0000000E+00   0.0000000E+00   0.0000000E+00
 10.555085   0.0000000E+00   0.0000000E+00   0.0000000E+00
 10.754237   0.0000000E+00   0.0000000E+00   0.0000000E+00
 10.953390   0.0000000E+00   0.0000000E+00   0.0000000E+00
 11.152542   0.0000000E+00   0.0000000E+00   0.0000000E+00
 11.351695   0.0000000E+00   0.0000000E+00   0.0000000E+00
 11.550847   0.0000000E+00   0.0000000E+00   0.0000000E+00
 11.750000   0.0000000E+00   0.0000000E+00   0.0000000E+00
 11.949153   0.0000000E+00   0.0000000E+00   0.0000000E+00
 12.148305   0.0000000E+00   0.0000000E+00   0.0000000E+00
 12.347458   0.0000000E+00   0.0000000E+00   0.0000000E+00
 12.546610   0.0000000E+00   0.0000000E+00   0.0000000E+00
 12.745763   0.0000000E+00   0.0000000E+00   0.0000000E+00
 12.944915   0.0000000E+00   0.0000000E+00   0.0000000E+00
 13.144068   0.0000000E+00   0.0000000E+00   0.0000000E+00
 13.343220   0.0000000E+00   0.0000000E+00   0.0000000E+00
 13.542373   0.0000000E+00   0.0000000E+00   0.0000000E+00
 13.741525   0.0000000E+00   0.0000000E+00   0.0000000E+00
 13.940678   0.0000000E+00   0.0000000E+00   0.0000000E+00
 14.139831   0.0000000E+00   0.0000000E+00   0.0000000E+00
 14.338983   0.0000000E+00   0.0000000E+00   0.0000000E+00
 14.538136   0.0000000E+00   0.0000000E+00   0.0000000E+00
 14.737288   0.0000000E+00   0.0000000E+00   0.0000000E+00
 14.936441   0.0000000E+00   0.0000000E+00   0.0000000E+00
 15.135593   0.0000000E+00   0.0000000E+00   0.0000000E+00
 15.334746   0.0000000E+00   0.0000000E+00   0.0000000E+00
 15.533898   0.0000000E+00   0.0000000E+00   0.0000000E+00
 15.733051   0.0000000E+00   0.0000000E+00   0.0000000E+00
 15.932203   0.0000000E+00   0.0000000E+00   0.0000000E+00
 16.131356   0.0000000E+00   0.0000000E+00   0.0000000E+00
 16.330508   0.0000000E+00   0.0000000E+00   0.0000000E+00
 16.529661   0.0000000E+00   0.0000000E+00   0.0000000E+00
 16.728814   0.0000000E+00   0.0000000E+00   0.0000000E+00
 16.927966   0.0000000E+00   0.0000000E+00   0.0000000E+00
 17.127119   0.0000000E+00   0.0000000E+00   0.0000000E+00
 17.326271   0.0000000E+00   0.0000000E+00   0.0000000E+00
 17.525424   0.0000000E+00   0.0000000E+00   0.0000000E+00
 17.724576   0.0000000E+00   0.0000000E+00   0.0000000E+00
 17.923729   0.0000000E+00   0.0000000E+00   0.0000000E+00
 18.122881   0.0000000E+00   0.0000000E+00   0.0000000E+00
 18.322034   0.0000000E+00   0.0000000E+00   0.0000000E+00
 18.521186   0.0000000E+00   0.0000000E+00   0.0000000E+00
 18.720339   0.0000000E+00   0.0000000E+00   0.0000000E+00
 18.919492   0.0000000E+00   0.0000000E+00   0.0000000E+00
 19.118644   0.0000000E+00   0.0000000E+00   0.0000000E+00
 19.317797   0.0000000E+00   0.0000000E+00   0.0000000E+00
 19.516949   0.0000000E+00   0.0000000E+00   0.0000000E+00
 19.716102   0.0000000E+00   0.0000000E+00   0.0000000E+00
 19.915254   0.0000000E+00   0.0000000E+00   0.0000000E+00
 20.114407   0.0000000E+00   0.0000000E+00   0.0000000E+00
 20.313559   0.0000000E+00   0.0000000E+00   0.0000000E+00
 20.512712   0.0000000E+00   0.0000000E+00   0.0000000E+00
 20.711864   0.0000000E+00   0.0000000E+00   0.0000000E+00
 20.911017   0.0000000E+00   0.0000000E+00   0.0000000E+00
 21.110169   0.0000000E+00   0.0000000E+00   0.0000000E+00
 21.309322   0.0000000E+00   0.0000000E+00   0.0000000E+00
 21.508475   0.0000000E+00   0.0000000E+00   0.0000000E+00
 21.707627   0.0000000E+00   0.0000000E+00   0.0000000E+00
 21.906780   0.0000000E+00   0.0000000E+00   0.0000000E+00
 22.105932   0.0000000E+00   0.0000000E+00   0.0000000E+00
 22.305085   0.0000000E+00   0.0000000E+00   0.0000000E+00
 22.504237   0.0000000E+00   0.0000000E+00   0.0000000E+00
 22.703390   0.0000000E+00   0.0000000E+00   0.0000000E+00
 22.902542   0.0000000E+00   0.0000000E+00   0.0000000E+00
 23.101695   0.0000000E+00   0.0000000E+00   0.0000000E+00
 23.300847   0.0000000E+00   0.0000000E+00   0.0000000E+00
 23.500000   0.0000000E+00   0.0000000E+00   0.0000000E+00
 23.699153   0.0000000E+00   0.0000000E+00   0.0000000E+00
 23.898305   0.0000000E+00   0.0000000E+00   0.0000000E+00
 24.097458   0.0000000E+00   0.0000000E+00   0.0000000E+00
 24.296610   0.0000000E+00   0.0000000E+00   0.0000000E+00
 24.495763   0.0000000E+00   0.0000000E+00   0.0000000E+00
 24.694915   0.0000000E+00   0.0000000E+00   0.0000000E+00
 24.894068   0.0000000E+00   0.0000000E+00   0.0000000E+00
 25.093220   0.0000000E+00   0.0000000E+00   0.0000000E+00
 25.292373   0.0000000E+00   0.0000000E+00   0.0000000E+00
 25.491525   0.0000000E+00   0.0000000E+00   0.0000000E+00
 25.690678   0.0000000E+00   0.0000000E+00   0.0000000E+00
 25.889831   0.0000000E+00   0.0000000E+00   0.0000000E+00
 26.088983   0.0000000E+00   0.0000000E+00   0.0000000E+00
 26.288136   0.0000000E+00   0.0000000E+00   0.0000000E+00
 26.487288   0.0000000E+00   0.0000000E+00   0.0000000E+00
 26.686441   0.0000000E+00   0.0000000E+00   0.0000000E+00
 26.885593   0.0000000E+00   0.0000000E+00   0.0000000E+00
 27.084746   0.0000000E+00   0.0000000E+00   0.0000000E+00
 27.283898   0.0000000E+00   0.0000000E+00   0.0000000E+00
 27.483051   0.0000000E+00   0.0000000E+00   0.0000000E+00
