#  n+235U
# Incident Energy =   18.30000
# Particle spectrum from Pre-equilibrium emission from 236U
# num energy points =  138
#  E (MeV)               g               n               p
  0.000000   0.0000000E+00   0.0000000E+00   0.0000000E+00
  0.199153   0.0000000E+00   0.1287443E-01   0.1261647E-11
  0.398305   0.0000000E+00   0.2523711E-01   0.1185948E-11
  0.597458   0.0000000E+00   0.3409787E-01   0.1115279E-11
  0.796610   0.0000000E+00   0.4360101E-01   0.1049303E-11
  0.995763   0.0000000E+00   0.5701982E-01   0.9877026E-12
  1.194915   0.0000000E+00   0.7298522E-01   0.9301822E-12
  1.394068   0.0000000E+00   0.8627002E-01   0.8764645E-12
  1.593220   0.0000000E+00   0.9391137E-01   0.8262900E-12
  1.792373   0.0000000E+00   0.9721166E-01   0.7794163E-12
  1.991525   0.0000000E+00   0.9774397E-01   0.7353185E-12
  2.190678   0.0000000E+00   0.9675063E-01   0.6967915E-12
  2.389831   0.0000000E+00   0.9514696E-01   0.7274123E-12
  2.588983   0.0000000E+00   0.9354627E-01   0.1389157E-11
  2.788136   0.0000000E+00   0.9217784E-01   0.6187301E-11
  2.987288   0.0000000E+00   0.9097241E-01   0.3359167E-10
  3.186441   0.0000000E+00   0.8983976E-01   0.1620384E-09
  3.385593   0.0000000E+00   0.8866397E-01   0.6807041E-09
  3.584746   0.0000000E+00   0.8738455E-01   0.2515937E-08
  3.783898   0.0000000E+00   0.8602904E-01   0.8272179E-08
  3.983051   0.0000000E+00   0.8465935E-01   0.2475084E-07
  4.182203   0.0000000E+00   0.8334159E-01   0.6793697E-07
  4.381356   0.0000000E+00   0.8210460E-01   0.1720546E-06
  4.580508   0.0000000E+00   0.8098763E-01   0.4061128E-06
  4.779661   0.0000000E+00   0.8002995E-01   0.9000541E-06
  4.978814   0.0000000E+00   0.7922485E-01   0.1885087E-05
  5.177966   0.0000000E+00   0.7858702E-01   0.3751384E-05
  5.377119   0.0000000E+00   0.7813032E-01   0.1708647E-04
  5.576271   0.0000000E+00   0.7783669E-01   0.8734138E-04
  5.775424   0.0000000E+00   0.7768380E-01   0.6880152E-04
  5.974576   0.0000000E+00   0.7763569E-01   0.1284362E-03
  6.173729   0.0000000E+00   0.7765190E-01   0.1721972E-03
  6.372881   0.0000000E+00   0.7766562E-01   0.2972083E-03
  6.572034   0.0000000E+00   0.7761138E-01   0.4262051E-03
  6.771186   0.0000000E+00   0.7745612E-01   0.6649267E-03
  6.970339   0.0000000E+00   0.7714362E-01   0.9454370E-03
  7.169492   0.0000000E+00   0.7666533E-01   0.1366556E-02
  7.368644   0.0000000E+00   0.7603647E-01   0.1919280E-02
  7.567797   0.0000000E+00   0.7524055E-01   0.2646751E-02
  7.766949   0.0000000E+00   0.7430948E-01   0.3591952E-02
  7.966102   0.0000000E+00   0.7326989E-01   0.4777065E-02
  8.165254   0.0000000E+00   0.7211613E-01   0.6271694E-02
  8.364407   0.0000000E+00   0.7091247E-01   0.8123958E-02
  8.563559   0.0000000E+00   0.6965625E-01   0.1039012E-01
  8.762712   0.0000000E+00   0.6835299E-01   0.1311436E-01
  8.961864   0.0000000E+00   0.6704189E-01   0.1634936E-01
  9.161017   0.0000000E+00   0.6571727E-01   0.2014695E-01
  9.360169   0.0000000E+00   0.6438687E-01   0.2456538E-01
  9.559322   0.0000000E+00   0.6307001E-01   0.2965210E-01
  9.758475   0.0000000E+00   0.6176473E-01   0.3545506E-01
  9.957627   0.0000000E+00   0.6047306E-01   0.4197222E-01
 10.156780   0.0000000E+00   0.5919948E-01   0.4922913E-01
 10.355932   0.0000000E+00   0.5794249E-01   0.5723524E-01
 10.555085   0.0000000E+00   0.5669888E-01   0.6595166E-01
 10.754237   0.0000000E+00   0.5546647E-01   0.7528070E-01
 10.953390   0.0000000E+00   0.5423592E-01   0.8521044E-01
 11.152542   0.0000000E+00   0.5300478E-01   0.9567568E-01
 11.351695   0.0000000E+00   0.5176891E-01   0.1064332E+00
 11.550847   0.0000000E+00   0.5052447E-01   0.1173669E+00
 11.750000   0.0000000E+00   0.4926698E-01   0.1283873E+00
 11.949153   0.0000000E+00   0.4799205E-01   0.1393573E+00
 12.148305   0.0000000E+00   0.4669639E-01   0.1499221E+00
 12.347458   0.0000000E+00   0.4537975E-01   0.1599611E+00
 12.546610   0.0000000E+00   0.4404829E-01   0.1693479E+00
 12.745763   0.0000000E+00   0.4269349E-01   0.1779295E+00
 12.944915   0.0000000E+00   0.4131382E-01   0.1855064E+00
 13.144068   0.0000000E+00   0.3990827E-01   0.1919211E+00
 13.343220   0.0000000E+00   0.3849316E-01   0.1970781E+00
 13.542373   0.0000000E+00   0.3705870E-01   0.2008727E+00
 13.741525   0.0000000E+00   0.3560261E-01   0.2032362E+00
 13.940678   0.0000000E+00   0.3412430E-01   0.2042512E+00
 14.139831   0.0000000E+00   0.3262766E-01   0.2037281E+00
 14.338983   0.0000000E+00   0.3112298E-01   0.2016091E+00
 14.538136   0.0000000E+00   0.2959908E-01   0.1978496E+00
 14.737288   0.0000000E+00   0.2805454E-01   0.1924974E+00
 14.936441   0.0000000E+00   0.2648781E-01   0.1856747E+00
 15.135593   0.0000000E+00   0.2489936E-01   0.1771502E+00
 15.334746   0.0000000E+00   0.2329085E-01   0.1668619E+00
 15.533898   0.0000000E+00   0.2165466E-01   0.1547416E+00
 15.733051   0.0000000E+00   0.1998738E-01   0.1407316E+00
 15.932203   0.0000000E+00   0.1828440E-01   0.1248550E+00
 16.131356   0.0000000E+00   0.1654035E-01   0.1067598E+00
 16.330508   0.0000000E+00   0.1474886E-01   0.8626698E-01
 16.529661   0.0000000E+00   0.1290039E-01   0.6295698E-01
 16.728814   0.0000000E+00   0.1097810E-01   0.3628216E-01
 16.927966   0.0000000E+00   0.8978709E-02   0.0000000E+00
 17.127119   0.0000000E+00   0.6866945E-02   0.0000000E+00
 17.326271   0.0000000E+00   0.4607867E-02   0.0000000E+00
 17.525424   0.0000000E+00   0.0000000E+00   0.0000000E+00
 17.724576   0.0000000E+00   0.0000000E+00   0.0000000E+00
 17.923729   0.0000000E+00   0.0000000E+00   0.0000000E+00
 18.122881   0.0000000E+00   0.0000000E+00   0.0000000E+00
 18.322034   0.0000000E+00   0.0000000E+00   0.0000000E+00
 18.521186   0.0000000E+00   0.0000000E+00   0.0000000E+00
 18.720339   0.0000000E+00   0.0000000E+00   0.0000000E+00
 18.919492   0.0000000E+00   0.0000000E+00   0.0000000E+00
 19.118644   0.0000000E+00   0.0000000E+00   0.0000000E+00
 19.317797   0.0000000E+00   0.0000000E+00   0.0000000E+00
 19.516949   0.0000000E+00   0.0000000E+00   0.0000000E+00
 19.716102   0.0000000E+00   0.0000000E+00   0.0000000E+00
 19.915254   0.0000000E+00   0.0000000E+00   0.0000000E+00
 20.114407   0.0000000E+00   0.0000000E+00   0.0000000E+00
 20.313559   0.0000000E+00   0.0000000E+00   0.0000000E+00
 20.512712   0.0000000E+00   0.0000000E+00   0.0000000E+00
 20.711864   0.0000000E+00   0.0000000E+00   0.0000000E+00
 20.911017   0.0000000E+00   0.0000000E+00   0.0000000E+00
 21.110169   0.0000000E+00   0.0000000E+00   0.0000000E+00
 21.309322   0.0000000E+00   0.0000000E+00   0.0000000E+00
 21.508475   0.0000000E+00   0.0000000E+00   0.0000000E+00
 21.707627   0.0000000E+00   0.0000000E+00   0.0000000E+00
 21.906780   0.0000000E+00   0.0000000E+00   0.0000000E+00
 22.105932   0.0000000E+00   0.0000000E+00   0.0000000E+00
 22.305085   0.0000000E+00   0.0000000E+00   0.0000000E+00
 22.504237   0.0000000E+00   0.0000000E+00   0.0000000E+00
 22.703390   0.0000000E+00   0.0000000E+00   0.0000000E+00
 22.902542   0.0000000E+00   0.0000000E+00   0.0000000E+00
 23.101695   0.0000000E+00   0.0000000E+00   0.0000000E+00
 23.300847   0.0000000E+00   0.0000000E+00   0.0000000E+00
 23.500000   0.0000000E+00   0.0000000E+00   0.0000000E+00
 23.699153   0.0000000E+00   0.0000000E+00   0.0000000E+00
 23.898305   0.0000000E+00   0.0000000E+00   0.0000000E+00
 24.097458   0.0000000E+00   0.0000000E+00   0.0000000E+00
 24.296610   0.0000000E+00   0.0000000E+00   0.0000000E+00
 24.495763   0.0000000E+00   0.0000000E+00   0.0000000E+00
 24.694915   0.0000000E+00   0.0000000E+00   0.0000000E+00
 24.894068   0.0000000E+00   0.0000000E+00   0.0000000E+00
 25.093220   0.0000000E+00   0.0000000E+00   0.0000000E+00
 25.292373   0.0000000E+00   0.0000000E+00   0.0000000E+00
 25.491525   0.0000000E+00   0.0000000E+00   0.0000000E+00
 25.690678   0.0000000E+00   0.0000000E+00   0.0000000E+00
 25.889831   0.0000000E+00   0.0000000E+00   0.0000000E+00
 26.088983   0.0000000E+00   0.0000000E+00   0.0000000E+00
 26.288136   0.0000000E+00   0.0000000E+00   0.0000000E+00
 26.487288   0.0000000E+00   0.0000000E+00   0.0000000E+00
 26.686441   0.0000000E+00   0.0000000E+00   0.0000000E+00
 26.885593   0.0000000E+00   0.0000000E+00   0.0000000E+00
 27.084746   0.0000000E+00   0.0000000E+00   0.0000000E+00
 27.283898   0.0000000E+00   0.0000000E+00   0.0000000E+00
 27.483051   0.0000000E+00   0.0000000E+00   0.0000000E+00
