#  n+235U
# Incident Energy =    9.90000
# Particle spectrum from Pre-equilibrium emission from 236U
# num energy points =  138
#  E (MeV)               g               n               p
  0.000000   0.0000000E+00   0.0000000E+00   0.0000000E+00
  0.199153   0.0000000E+00   0.3087428E-01   0.8951702E-09
  0.398305   0.0000000E+00   0.5865886E-01   0.8207750E-09
  0.597458   0.0000000E+00   0.7692484E-01   0.7538653E-09
  0.796610   0.0000000E+00   0.9561035E-01   0.6935850E-09
  0.995763   0.0000000E+00   0.1217094E+00   0.6391782E-09
  1.194915   0.0000000E+00   0.1518570E+00   0.5899775E-09
  1.394068   0.0000000E+00   0.1752092E+00   0.5453945E-09
  1.593220   0.0000000E+00   0.1864171E+00   0.5049102E-09
  1.792373   0.0000000E+00   0.1888435E+00   0.4680671E-09
  1.991525   0.0000000E+00   0.1860378E+00   0.4342862E-09
  2.190678   0.0000000E+00   0.1806199E+00   0.4049672E-09
  2.389831   0.0000000E+00   0.1743960E+00   0.4162142E-09
  2.588983   0.0000000E+00   0.1684922E+00   0.7828120E-09
  2.788136   0.0000000E+00   0.1632757E+00   0.3434576E-08
  2.987288   0.0000000E+00   0.1585698E+00   0.1837000E-07
  3.186441   0.0000000E+00   0.1541750E+00   0.8729369E-07
  3.385593   0.0000000E+00   0.1498607E+00   0.3611866E-06
  3.584746   0.0000000E+00   0.1455029E+00   0.1314437E-05
  3.783898   0.0000000E+00   0.1411291E+00   0.4253232E-05
  3.983051   0.0000000E+00   0.1368216E+00   0.1251615E-04
  4.182203   0.0000000E+00   0.1326651E+00   0.3376113E-04
  4.381356   0.0000000E+00   0.1286812E+00   0.8394115E-04
  4.580508   0.0000000E+00   0.1249061E+00   0.1942812E-03
  4.779661   0.0000000E+00   0.1213734E+00   0.4216139E-03
  4.978814   0.0000000E+00   0.1180445E+00   0.8632011E-03
  5.177966   0.0000000E+00   0.1149116E+00   0.1675927E-02
  5.377119   0.0000000E+00   0.1119684E+00   0.7430258E-02
  5.576271   0.0000000E+00   0.1091544E+00   0.3687195E-01
  5.775424   0.0000000E+00   0.1064071E+00   0.2810827E-01
  5.974576   0.0000000E+00   0.1036466E+00   0.5059116E-01
  6.173729   0.0000000E+00   0.1007899E+00   0.6511096E-01
  6.372881   0.0000000E+00   0.9772416E-01   0.1073100E+00
  6.572034   0.0000000E+00   0.9434718E-01   0.1460040E+00
  6.771186   0.0000000E+00   0.9060454E-01   0.2144252E+00
  6.970339   0.0000000E+00   0.8642129E-01   0.2841764E+00
  7.169492   0.0000000E+00   0.8178165E-01   0.3780109E+00
  7.368644   0.0000000E+00   0.7670679E-01   0.4803817E+00
  7.567797   0.0000000E+00   0.7116988E-01   0.5855426E+00
  7.766949   0.0000000E+00   0.6519698E-01   0.6781932E+00
  7.966102   0.0000000E+00   0.5879841E-01   0.7295682E+00
  8.165254   0.0000000E+00   0.5194691E-01   0.7009215E+00
  8.364407   0.0000000E+00   0.4459312E-01   0.5253389E+00
  8.563559   0.0000000E+00   0.3682097E-01   0.0000000E+00
  8.762712   0.0000000E+00   0.2840333E-01   0.0000000E+00
  8.961864   0.0000000E+00   0.1922788E-01   0.0000000E+00
  9.161017   0.0000000E+00   0.0000000E+00   0.0000000E+00
  9.360169   0.0000000E+00   0.0000000E+00   0.0000000E+00
  9.559322   0.0000000E+00   0.0000000E+00   0.0000000E+00
  9.758475   0.0000000E+00   0.0000000E+00   0.0000000E+00
  9.957627   0.0000000E+00   0.0000000E+00   0.0000000E+00
 10.156780   0.0000000E+00   0.0000000E+00   0.0000000E+00
 10.355932   0.0000000E+00   0.0000000E+00   0.0000000E+00
 10.555085   0.0000000E+00   0.0000000E+00   0.0000000E+00
 10.754237   0.0000000E+00   0.0000000E+00   0.0000000E+00
 10.953390   0.0000000E+00   0.0000000E+00   0.0000000E+00
 11.152542   0.0000000E+00   0.0000000E+00   0.0000000E+00
 11.351695   0.0000000E+00   0.0000000E+00   0.0000000E+00
 11.550847   0.0000000E+00   0.0000000E+00   0.0000000E+00
 11.750000   0.0000000E+00   0.0000000E+00   0.0000000E+00
 11.949153   0.0000000E+00   0.0000000E+00   0.0000000E+00
 12.148305   0.0000000E+00   0.0000000E+00   0.0000000E+00
 12.347458   0.0000000E+00   0.0000000E+00   0.0000000E+00
 12.546610   0.0000000E+00   0.0000000E+00   0.0000000E+00
 12.745763   0.0000000E+00   0.0000000E+00   0.0000000E+00
 12.944915   0.0000000E+00   0.0000000E+00   0.0000000E+00
 13.144068   0.0000000E+00   0.0000000E+00   0.0000000E+00
 13.343220   0.0000000E+00   0.0000000E+00   0.0000000E+00
 13.542373   0.0000000E+00   0.0000000E+00   0.0000000E+00
 13.741525   0.0000000E+00   0.0000000E+00   0.0000000E+00
 13.940678   0.0000000E+00   0.0000000E+00   0.0000000E+00
 14.139831   0.0000000E+00   0.0000000E+00   0.0000000E+00
 14.338983   0.0000000E+00   0.0000000E+00   0.0000000E+00
 14.538136   0.0000000E+00   0.0000000E+00   0.0000000E+00
 14.737288   0.0000000E+00   0.0000000E+00   0.0000000E+00
 14.936441   0.0000000E+00   0.0000000E+00   0.0000000E+00
 15.135593   0.0000000E+00   0.0000000E+00   0.0000000E+00
 15.334746   0.0000000E+00   0.0000000E+00   0.0000000E+00
 15.533898   0.0000000E+00   0.0000000E+00   0.0000000E+00
 15.733051   0.0000000E+00   0.0000000E+00   0.0000000E+00
 15.932203   0.0000000E+00   0.0000000E+00   0.0000000E+00
 16.131356   0.0000000E+00   0.0000000E+00   0.0000000E+00
 16.330508   0.0000000E+00   0.0000000E+00   0.0000000E+00
 16.529661   0.0000000E+00   0.0000000E+00   0.0000000E+00
 16.728814   0.0000000E+00   0.0000000E+00   0.0000000E+00
 16.927966   0.0000000E+00   0.0000000E+00   0.0000000E+00
 17.127119   0.0000000E+00   0.0000000E+00   0.0000000E+00
 17.326271   0.0000000E+00   0.0000000E+00   0.0000000E+00
 17.525424   0.0000000E+00   0.0000000E+00   0.0000000E+00
 17.724576   0.0000000E+00   0.0000000E+00   0.0000000E+00
 17.923729   0.0000000E+00   0.0000000E+00   0.0000000E+00
 18.122881   0.0000000E+00   0.0000000E+00   0.0000000E+00
 18.322034   0.0000000E+00   0.0000000E+00   0.0000000E+00
 18.521186   0.0000000E+00   0.0000000E+00   0.0000000E+00
 18.720339   0.0000000E+00   0.0000000E+00   0.0000000E+00
 18.919492   0.0000000E+00   0.0000000E+00   0.0000000E+00
 19.118644   0.0000000E+00   0.0000000E+00   0.0000000E+00
 19.317797   0.0000000E+00   0.0000000E+00   0.0000000E+00
 19.516949   0.0000000E+00   0.0000000E+00   0.0000000E+00
 19.716102   0.0000000E+00   0.0000000E+00   0.0000000E+00
 19.915254   0.0000000E+00   0.0000000E+00   0.0000000E+00
 20.114407   0.0000000E+00   0.0000000E+00   0.0000000E+00
 20.313559   0.0000000E+00   0.0000000E+00   0.0000000E+00
 20.512712   0.0000000E+00   0.0000000E+00   0.0000000E+00
 20.711864   0.0000000E+00   0.0000000E+00   0.0000000E+00
 20.911017   0.0000000E+00   0.0000000E+00   0.0000000E+00
 21.110169   0.0000000E+00   0.0000000E+00   0.0000000E+00
 21.309322   0.0000000E+00   0.0000000E+00   0.0000000E+00
 21.508475   0.0000000E+00   0.0000000E+00   0.0000000E+00
 21.707627   0.0000000E+00   0.0000000E+00   0.0000000E+00
 21.906780   0.0000000E+00   0.0000000E+00   0.0000000E+00
 22.105932   0.0000000E+00   0.0000000E+00   0.0000000E+00
 22.305085   0.0000000E+00   0.0000000E+00   0.0000000E+00
 22.504237   0.0000000E+00   0.0000000E+00   0.0000000E+00
 22.703390   0.0000000E+00   0.0000000E+00   0.0000000E+00
 22.902542   0.0000000E+00   0.0000000E+00   0.0000000E+00
 23.101695   0.0000000E+00   0.0000000E+00   0.0000000E+00
 23.300847   0.0000000E+00   0.0000000E+00   0.0000000E+00
 23.500000   0.0000000E+00   0.0000000E+00   0.0000000E+00
 23.699153   0.0000000E+00   0.0000000E+00   0.0000000E+00
 23.898305   0.0000000E+00   0.0000000E+00   0.0000000E+00
 24.097458   0.0000000E+00   0.0000000E+00   0.0000000E+00
 24.296610   0.0000000E+00   0.0000000E+00   0.0000000E+00
 24.495763   0.0000000E+00   0.0000000E+00   0.0000000E+00
 24.694915   0.0000000E+00   0.0000000E+00   0.0000000E+00
 24.894068   0.0000000E+00   0.0000000E+00   0.0000000E+00
 25.093220   0.0000000E+00   0.0000000E+00   0.0000000E+00
 25.292373   0.0000000E+00   0.0000000E+00   0.0000000E+00
 25.491525   0.0000000E+00   0.0000000E+00   0.0000000E+00
 25.690678   0.0000000E+00   0.0000000E+00   0.0000000E+00
 25.889831   0.0000000E+00   0.0000000E+00   0.0000000E+00
 26.088983   0.0000000E+00   0.0000000E+00   0.0000000E+00
 26.288136   0.0000000E+00   0.0000000E+00   0.0000000E+00
 26.487288   0.0000000E+00   0.0000000E+00   0.0000000E+00
 26.686441   0.0000000E+00   0.0000000E+00   0.0000000E+00
 26.885593   0.0000000E+00   0.0000000E+00   0.0000000E+00
 27.084746   0.0000000E+00   0.0000000E+00   0.0000000E+00
 27.283898   0.0000000E+00   0.0000000E+00   0.0000000E+00
 27.483051   0.0000000E+00   0.0000000E+00   0.0000000E+00
