\cite{}
A : $N_\gamma$ : error
81  1.82  2.45
82  -0.36  1.36
83  1.28  1.57
84  1.14  1.19
85  2.65  0.95
86  2.58  0.89
87  1.35  0.65
88  1.9  0.61
89  2.75  0.61
90  2.68  0.51
91  2.62  0.41
92  3.4  0.31
93  3.23  0.38
94  3.2  0.31
95  2.96  0.34
96  3.91  0.38
97  3.71  0.27
98  3.85  0.34
99  3.37  0.34
100  3.88  0.31
101  4.05  0.31
102  4.12  0.58
103  3.78  0.31
104  4.77  0.41
105  5.46  0.41
106  4.6  0.61
107  5.52  0.68
108  6  1.02
109  4.61  1.6
127  0.7  1.6
128  0.43  1.26
129  0.09  0.72
130  1.14  0.61
131  0.05  0.75
132  0.97  0.41
133  1.96  0.37
134  1.42  0.41
135  1.69  0.37
136  2  0.37
137  2.65  0.31
138  2.55  0.31
139  2.75  0.34
140  2.89  0.34
141  3.81  0.38
142  3.54  0.38
143  3.74  0.34
144  3.81  0.41
145  4.63  0.37
146  4.5  0.51
147  4.19  0.61
148  5.01  0.61
149  5.38  0.68
150  4.23  0.85
151  3.99  1.09
152  5.11  1.3
153  4.81  1.7
154  7.02  1.91
155  4.2  2.56