\cite{}
A : Total photon energy (MeV) : Uncertainty
80 1.6228 2.0658
81 2.6117 1.7365
82 4.1993 1.4072
83 0.8167 1.048
84 1.8954 0.8382
85 4.6206 0.6586
86 3.6932 0.5988
87 1.8377 0.4449
88 2.4373 0.3592
89 2.917 0.4191
90 3.3071 0.2695
91 3.3078 0.2394
92 4.2665 0.2994
93 3.3092 0.2994
94 3.729 0.2098
95 3.2209 0.2095
96 4.2397 0.3592
97 3.7314 0.2396
98 3.9417 0.3294
99 3.8227 0.2396
100 3.2246 0.2096
101 3.884 0.2397
102 3.9149 0.2994
103 3.7658 0.2396
104 4.4852 0.2396
105 4.6058 0.3593
106 3.9179 0.3591
107 4.8168 0.4787
108 5.4163 0.8083
109 6.1656 1.1977
110 4.9987 1.7965
111 3.8617 2.7244
125 0.938 2.6647
126 -1.2468 2.1856
127 -0.7971 1.3174
128 0.2517 0.8682
129 0.9111 0.5687
130 1.7801 0.3295
131 1.3018 0.3593
132 1.7816 0.2395
133 2.5609 0.2096
134 2.1423 0.2996
135 2.1732 0.2693
136 2.8325 0.1796
137 2.1446 0.2097
138 2.2952 0.2395
139 2.5354 0.2693
140 2.3865 0.1798
141 3.3152 0.2395
142 2.6273 0.2696
143 3.2271 0.2395
144 2.4492 0.2695
145 3.4083 0.2994
146 3.3791 0.3591
147 3.2899 0.449
148 4.0691 0.419
149 4.3992 0.4792
150 2.8429 0.5388
151 1.8855 0.7485
152 4.2217 0.9281
153 5.5998 1.1973
154 2.9656 1.587
155 3.6848 1.8864
156 4.2546 2.4551
