120 163.1284 2.9451
121 164.6059 2.1470
122 165.5306 1.8403
123 165.6579 1.7175
124 166.7050 1.3498
125 169.1026 1.0428
126 172.3587 0.7364
127 174.2652 0.6132
128 176.1102 0.5521
129 177.7713 0.4295
130 178.2666 0.1000
131 178.394  0.1000
132 178.2757 0.1000
133 177.7894 0.1000
134 176.6289 0.1000
135 175.8359 0.1000
136 174.6132 0.1000
137 173.3911 0.1000
138 171.7389 0.1000
139 170.2709 0.1000
140 168.7419 0.1000
141 167.5812 0.1000
142 166.3586 0.1000
143 165.0749 0.1000
144 163.9138 0.1000
145 162.753  0.1000
146 161.9601 0.1000
147 161.0444 0.1000
148 160.0675 0.1000
149 159.0904 0.1000
150 157.9909 0.1000
151 157.0751 0.1000
152 156.3435 0.1000
153 155.5502 0.1000
154 154.0212 0.1000
155 152.9217 0.1000
156 151.6992 0.6746
157 150.7837 0.9202
158 149.6226 1.4110
159 144.9647 1.6561
160 147.1783 1.9627
161 148.0414 1.5948
162 150.8071 3.1895
