#  n+238U
# Incident Energy =   16.25556
# Particle spectrum from Pre-equilibrium emission from 239U
# num energy points =  128
#  E (MeV)               g               n               p
  0.000000   0.0000000E+00   0.0000000E+00   0.0000000E+00
  0.201087   0.0000000E+00   0.1800430E-01   0.6865983E-11
  0.402175   0.0000000E+00   0.3452083E-01   0.6402500E-11
  0.603262   0.0000000E+00   0.4579629E-01   0.5974770E-11
  0.804350   0.0000000E+00   0.5845260E-01   0.5579911E-11
  1.005437   0.0000000E+00   0.7667909E-01   0.5215262E-11
  1.206525   0.0000000E+00   0.9675957E-01   0.4878374E-11
  1.407612   0.0000000E+00   0.1110748E+00   0.4566986E-11
  1.608700   0.0000000E+00   0.1177339E+00   0.4279019E-11
  1.809787   0.0000000E+00   0.1194650E+00   0.4012558E-11
  2.010875   0.0000000E+00   0.1182540E+00   0.3763815E-11
  2.211962   0.0000000E+00   0.1155680E+00   0.3561401E-11
  2.413050   0.0000000E+00   0.1125093E+00   0.3897115E-11
  2.614137   0.0000000E+00   0.1096797E+00   0.8991289E-11
  2.815224   0.0000000E+00   0.1072237E+00   0.4504193E-10
  3.016312   0.0000000E+00   0.1049736E+00   0.2452162E-09
  3.217399   0.0000000E+00   0.1027851E+00   0.1179422E-08
  3.418487   0.0000000E+00   0.1005852E+00   0.4897175E-08
  3.619574   0.0000000E+00   0.9836107E-01   0.1785263E-07
  3.820662   0.0000000E+00   0.9617008E-01   0.5810529E-07
  4.021749   0.0000000E+00   0.9407309E-01   0.1711441E-06
  4.222837   0.0000000E+00   0.9213022E-01   0.4616644E-06
  4.423924   0.0000000E+00   0.9036388E-01   0.1150832E-05
  4.625012   0.0000000E+00   0.8880358E-01   0.2668536E-05
  4.826099   0.0000000E+00   0.8746112E-01   0.5816770E-05
  5.027187   0.0000000E+00   0.8634740E-01   0.1198194E-04
  5.228274   0.0000000E+00   0.8545829E-01   0.2420081E-04
  5.429361   0.0000000E+00   0.8478633E-01   0.2357723E-03
  5.630449   0.0000000E+00   0.8429067E-01   0.2809696E-03
  5.831536   0.0000000E+00   0.8395417E-01   0.4714323E-03
  6.032624   0.0000000E+00   0.8367383E-01   0.6013784E-03
  6.233711   0.0000000E+00   0.8342795E-01   0.1053033E-02
  6.434799   0.0000000E+00   0.8311152E-01   0.1536867E-02
  6.635886   0.0000000E+00   0.8269201E-01   0.2406523E-02
  6.836974   0.0000000E+00   0.8210432E-01   0.3548101E-02
  7.038061   0.0000000E+00   0.8131546E-01   0.5077313E-02
  7.239149   0.0000000E+00   0.8033315E-01   0.7231175E-02
  7.440236   0.0000000E+00   0.7917964E-01   0.1000656E-01
  7.641324   0.0000000E+00   0.7784352E-01   0.1367108E-01
  7.842411   0.0000000E+00   0.7640783E-01   0.1827850E-01
  8.043498   0.0000000E+00   0.7485976E-01   0.2404405E-01
  8.244586   0.0000000E+00   0.7322048E-01   0.3119741E-01
  8.445673   0.0000000E+00   0.7154128E-01   0.3991170E-01
  8.646761   0.0000000E+00   0.6981281E-01   0.5033094E-01
  8.847848   0.0000000E+00   0.6805739E-01   0.6258310E-01
  9.048936   0.0000000E+00   0.6630050E-01   0.7677003E-01
  9.250023   0.0000000E+00   0.6453813E-01   0.9300409E-01
  9.451111   0.0000000E+00   0.6278094E-01   0.1113039E+00
  9.652198   0.0000000E+00   0.6103825E-01   0.1316423E+00
  9.853286   0.0000000E+00   0.5930635E-01   0.1537374E+00
 10.054373   0.0000000E+00   0.5758634E-01   0.1773313E+00
 10.255461   0.0000000E+00   0.5587806E-01   0.2020755E+00
 10.456548   0.0000000E+00   0.5417532E-01   0.2273328E+00
 10.657635   0.0000000E+00   0.5247415E-01   0.2522046E+00
 10.858723   0.0000000E+00   0.5076789E-01   0.2760563E+00
 11.059810   0.0000000E+00   0.4904862E-01   0.2979835E+00
 11.260898   0.0000000E+00   0.4731111E-01   0.3163463E+00
 11.461985   0.0000000E+00   0.4555107E-01   0.3301872E+00
 11.663073   0.0000000E+00   0.4376449E-01   0.3383816E+00
 11.864160   0.0000000E+00   0.4194506E-01   0.3396669E+00
 12.065248   0.0000000E+00   0.4008800E-01   0.3321414E+00
 12.266335   0.0000000E+00   0.3818945E-01   0.3150005E+00
 12.467423   0.0000000E+00   0.3625529E-01   0.2871043E+00
 12.668510   0.0000000E+00   0.3427819E-01   0.2473926E+00
 12.869598   0.0000000E+00   0.3225302E-01   0.1947854E+00
 13.070685   0.0000000E+00   0.3017524E-01   0.0000000E+00
 13.271772   0.0000000E+00   0.2805198E-01   0.0000000E+00
 13.472860   0.0000000E+00   0.2587888E-01   0.0000000E+00
 13.673947   0.0000000E+00   0.2364368E-01   0.0000000E+00
 13.875035   0.0000000E+00   0.2133852E-01   0.0000000E+00
 14.076122   0.0000000E+00   0.1895336E-01   0.0000000E+00
 14.277210   0.0000000E+00   0.1646375E-01   0.0000000E+00
 14.478297   0.0000000E+00   0.1389702E-01   0.0000000E+00
 14.679385   0.0000000E+00   0.1118187E-01   0.0000000E+00
 14.880472   0.0000000E+00   0.0000000E+00   0.0000000E+00
 15.081560   0.0000000E+00   0.0000000E+00   0.0000000E+00
 15.282647   0.0000000E+00   0.0000000E+00   0.0000000E+00
 15.483735   0.0000000E+00   0.0000000E+00   0.0000000E+00
 15.684822   0.0000000E+00   0.0000000E+00   0.0000000E+00
 15.885909   0.0000000E+00   0.0000000E+00   0.0000000E+00
 16.086997   0.0000000E+00   0.0000000E+00   0.0000000E+00
 16.288084   0.0000000E+00   0.0000000E+00   0.0000000E+00
 16.489172   0.0000000E+00   0.0000000E+00   0.0000000E+00
 16.690259   0.0000000E+00   0.0000000E+00   0.0000000E+00
 16.891347   0.0000000E+00   0.0000000E+00   0.0000000E+00
 17.092434   0.0000000E+00   0.0000000E+00   0.0000000E+00
 17.293522   0.0000000E+00   0.0000000E+00   0.0000000E+00
 17.494609   0.0000000E+00   0.0000000E+00   0.0000000E+00
 17.695697   0.0000000E+00   0.0000000E+00   0.0000000E+00
 17.896784   0.0000000E+00   0.0000000E+00   0.0000000E+00
 18.097872   0.0000000E+00   0.0000000E+00   0.0000000E+00
 18.298959   0.0000000E+00   0.0000000E+00   0.0000000E+00
 18.500046   0.0000000E+00   0.0000000E+00   0.0000000E+00
 18.701134   0.0000000E+00   0.0000000E+00   0.0000000E+00
 18.902221   0.0000000E+00   0.0000000E+00   0.0000000E+00
 19.103309   0.0000000E+00   0.0000000E+00   0.0000000E+00
 19.304396   0.0000000E+00   0.0000000E+00   0.0000000E+00
 19.505484   0.0000000E+00   0.0000000E+00   0.0000000E+00
 19.706571   0.0000000E+00   0.0000000E+00   0.0000000E+00
 19.907659   0.0000000E+00   0.0000000E+00   0.0000000E+00
 20.108746   0.0000000E+00   0.0000000E+00   0.0000000E+00
 20.309834   0.0000000E+00   0.0000000E+00   0.0000000E+00
 20.510921   0.0000000E+00   0.0000000E+00   0.0000000E+00
 20.712009   0.0000000E+00   0.0000000E+00   0.0000000E+00
 20.913096   0.0000000E+00   0.0000000E+00   0.0000000E+00
 21.114183   0.0000000E+00   0.0000000E+00   0.0000000E+00
 21.315271   0.0000000E+00   0.0000000E+00   0.0000000E+00
 21.516358   0.0000000E+00   0.0000000E+00   0.0000000E+00
 21.717446   0.0000000E+00   0.0000000E+00   0.0000000E+00
 21.918533   0.0000000E+00   0.0000000E+00   0.0000000E+00
 22.119621   0.0000000E+00   0.0000000E+00   0.0000000E+00
 22.320708   0.0000000E+00   0.0000000E+00   0.0000000E+00
 22.521796   0.0000000E+00   0.0000000E+00   0.0000000E+00
 22.722883   0.0000000E+00   0.0000000E+00   0.0000000E+00
 22.923971   0.0000000E+00   0.0000000E+00   0.0000000E+00
 23.125058   0.0000000E+00   0.0000000E+00   0.0000000E+00
 23.326146   0.0000000E+00   0.0000000E+00   0.0000000E+00
 23.527233   0.0000000E+00   0.0000000E+00   0.0000000E+00
 23.728320   0.0000000E+00   0.0000000E+00   0.0000000E+00
 23.929408   0.0000000E+00   0.0000000E+00   0.0000000E+00
 24.130495   0.0000000E+00   0.0000000E+00   0.0000000E+00
 24.331583   0.0000000E+00   0.0000000E+00   0.0000000E+00
 24.532670   0.0000000E+00   0.0000000E+00   0.0000000E+00
 24.733758   0.0000000E+00   0.0000000E+00   0.0000000E+00
 24.934845   0.0000000E+00   0.0000000E+00   0.0000000E+00
 25.135933   0.0000000E+00   0.0000000E+00   0.0000000E+00
 25.337020   0.0000000E+00   0.0000000E+00   0.0000000E+00
 25.538108   0.0000000E+00   0.0000000E+00   0.0000000E+00
 25.739195   0.0000000E+00   0.0000000E+00   0.0000000E+00
