#  n+238U
# Incident Energy =   14.03430
# Particle spectrum from Pre-equilibrium emission from 239U
# num energy points =  128
#  E (MeV)               g               n               p
  0.000000   0.0000000E+00   0.0000000E+00   0.0000000E+00
  0.201087   0.0000000E+00   0.2243251E-01   0.4170642E-10
  0.402175   0.0000000E+00   0.4264490E-01   0.3863201E-10
  0.603262   0.0000000E+00   0.5610875E-01   0.3582240E-10
  0.804350   0.0000000E+00   0.7104834E-01   0.3325302E-10
  1.005437   0.0000000E+00   0.9249457E-01   0.3090157E-10
  1.206525   0.0000000E+00   0.1158684E+00   0.2874776E-10
  1.407612   0.0000000E+00   0.1320878E+00   0.2677319E-10
  1.608700   0.0000000E+00   0.1390817E+00   0.2496117E-10
  1.809787   0.0000000E+00   0.1402412E+00   0.2329653E-10
  2.010875   0.0000000E+00   0.1379939E+00   0.2175385E-10
  2.211962   0.0000000E+00   0.1341009E+00   0.2049482E-10
  2.413050   0.0000000E+00   0.1298579E+00   0.2233299E-10
  2.614137   0.0000000E+00   0.1259571E+00   0.5131665E-10
  2.815224   0.0000000E+00   0.1225541E+00   0.2560499E-09
  3.016312   0.0000000E+00   0.1194467E+00   0.1388522E-08
  3.217399   0.0000000E+00   0.1164633E+00   0.6652403E-08
  3.418487   0.0000000E+00   0.1135157E+00   0.2751413E-07
  3.619574   0.0000000E+00   0.1105849E+00   0.9990631E-07
  3.820662   0.0000000E+00   0.1077308E+00   0.3238551E-06
  4.021749   0.0000000E+00   0.1050165E+00   0.9499243E-06
  4.222837   0.0000000E+00   0.1025037E+00   0.2551388E-05
  4.423924   0.0000000E+00   0.1002116E+00   0.6331389E-05
  4.625012   0.0000000E+00   0.9816733E-01   0.1461144E-04
  4.826099   0.0000000E+00   0.9637841E-01   0.3168924E-04
  5.027187   0.0000000E+00   0.9485144E-01   0.6492688E-04
  5.228274   0.0000000E+00   0.9357664E-01   0.1303861E-03
  5.429361   0.0000000E+00   0.9254078E-01   0.1262445E-02
  5.630449   0.0000000E+00   0.9169446E-01   0.1494467E-02
  5.831536   0.0000000E+00   0.9101459E-01   0.2489524E-02
  6.032624   0.0000000E+00   0.9038554E-01   0.3150992E-02
  6.233711   0.0000000E+00   0.8978072E-01   0.5470706E-02
  6.434799   0.0000000E+00   0.8908461E-01   0.7910441E-02
  6.635886   0.0000000E+00   0.8825914E-01   0.1226129E-01
  6.836974   0.0000000E+00   0.8723832E-01   0.1787694E-01
  7.038061   0.0000000E+00   0.8598447E-01   0.2526935E-01
  7.239149   0.0000000E+00   0.8450672E-01   0.3550396E-01
  7.440236   0.0000000E+00   0.8282959E-01   0.4839790E-01
  7.641324   0.0000000E+00   0.8094244E-01   0.6502661E-01
  7.842411   0.0000000E+00   0.7893286E-01   0.8533656E-01
  8.043498   0.0000000E+00   0.7678819E-01   0.1099340E+00
  8.244586   0.0000000E+00   0.7453099E-01   0.1393251E+00
  8.445673   0.0000000E+00   0.7221379E-01   0.1735589E+00
  8.646761   0.0000000E+00   0.6982690E-01   0.2123274E+00
  8.847848   0.0000000E+00   0.6739280E-01   0.2549815E+00
  9.048936   0.0000000E+00   0.6493338E-01   0.3004334E+00
  9.250023   0.0000000E+00   0.6244710E-01   0.3472273E+00
  9.451111   0.0000000E+00   0.5994027E-01   0.3930497E+00
  9.652198   0.0000000E+00   0.5741943E-01   0.4348432E+00
  9.853286   0.0000000E+00   0.5487811E-01   0.4680547E+00
 10.054373   0.0000000E+00   0.5231385E-01   0.4875565E+00
 10.255461   0.0000000E+00   0.4972239E-01   0.4871279E+00
 10.456548   0.0000000E+00   0.4709340E-01   0.4589485E+00
 10.657635   0.0000000E+00   0.4441799E-01   0.3938891E+00
 10.858723   0.0000000E+00   0.4168175E-01   0.0000000E+00
 11.059810   0.0000000E+00   0.3887740E-01   0.0000000E+00
 11.260898   0.0000000E+00   0.3598814E-01   0.0000000E+00
 11.461985   0.0000000E+00   0.3300023E-01   0.0000000E+00
 11.663073   0.0000000E+00   0.2989901E-01   0.0000000E+00
 11.864160   0.0000000E+00   0.2666452E-01   0.0000000E+00
 12.065248   0.0000000E+00   0.2323684E-01   0.0000000E+00
 12.266335   0.0000000E+00   0.1968590E-01   0.0000000E+00
 12.467423   0.0000000E+00   0.1589482E-01   0.0000000E+00
 12.668510   0.0000000E+00   0.0000000E+00   0.0000000E+00
 12.869598   0.0000000E+00   0.0000000E+00   0.0000000E+00
 13.070685   0.0000000E+00   0.0000000E+00   0.0000000E+00
 13.271772   0.0000000E+00   0.0000000E+00   0.0000000E+00
 13.472860   0.0000000E+00   0.0000000E+00   0.0000000E+00
 13.673947   0.0000000E+00   0.0000000E+00   0.0000000E+00
 13.875035   0.0000000E+00   0.0000000E+00   0.0000000E+00
 14.076122   0.0000000E+00   0.0000000E+00   0.0000000E+00
 14.277210   0.0000000E+00   0.0000000E+00   0.0000000E+00
 14.478297   0.0000000E+00   0.0000000E+00   0.0000000E+00
 14.679385   0.0000000E+00   0.0000000E+00   0.0000000E+00
 14.880472   0.0000000E+00   0.0000000E+00   0.0000000E+00
 15.081560   0.0000000E+00   0.0000000E+00   0.0000000E+00
 15.282647   0.0000000E+00   0.0000000E+00   0.0000000E+00
 15.483735   0.0000000E+00   0.0000000E+00   0.0000000E+00
 15.684822   0.0000000E+00   0.0000000E+00   0.0000000E+00
 15.885909   0.0000000E+00   0.0000000E+00   0.0000000E+00
 16.086997   0.0000000E+00   0.0000000E+00   0.0000000E+00
 16.288084   0.0000000E+00   0.0000000E+00   0.0000000E+00
 16.489172   0.0000000E+00   0.0000000E+00   0.0000000E+00
 16.690259   0.0000000E+00   0.0000000E+00   0.0000000E+00
 16.891347   0.0000000E+00   0.0000000E+00   0.0000000E+00
 17.092434   0.0000000E+00   0.0000000E+00   0.0000000E+00
 17.293522   0.0000000E+00   0.0000000E+00   0.0000000E+00
 17.494609   0.0000000E+00   0.0000000E+00   0.0000000E+00
 17.695697   0.0000000E+00   0.0000000E+00   0.0000000E+00
 17.896784   0.0000000E+00   0.0000000E+00   0.0000000E+00
 18.097872   0.0000000E+00   0.0000000E+00   0.0000000E+00
 18.298959   0.0000000E+00   0.0000000E+00   0.0000000E+00
 18.500046   0.0000000E+00   0.0000000E+00   0.0000000E+00
 18.701134   0.0000000E+00   0.0000000E+00   0.0000000E+00
 18.902221   0.0000000E+00   0.0000000E+00   0.0000000E+00
 19.103309   0.0000000E+00   0.0000000E+00   0.0000000E+00
 19.304396   0.0000000E+00   0.0000000E+00   0.0000000E+00
 19.505484   0.0000000E+00   0.0000000E+00   0.0000000E+00
 19.706571   0.0000000E+00   0.0000000E+00   0.0000000E+00
 19.907659   0.0000000E+00   0.0000000E+00   0.0000000E+00
 20.108746   0.0000000E+00   0.0000000E+00   0.0000000E+00
 20.309834   0.0000000E+00   0.0000000E+00   0.0000000E+00
 20.510921   0.0000000E+00   0.0000000E+00   0.0000000E+00
 20.712009   0.0000000E+00   0.0000000E+00   0.0000000E+00
 20.913096   0.0000000E+00   0.0000000E+00   0.0000000E+00
 21.114183   0.0000000E+00   0.0000000E+00   0.0000000E+00
 21.315271   0.0000000E+00   0.0000000E+00   0.0000000E+00
 21.516358   0.0000000E+00   0.0000000E+00   0.0000000E+00
 21.717446   0.0000000E+00   0.0000000E+00   0.0000000E+00
 21.918533   0.0000000E+00   0.0000000E+00   0.0000000E+00
 22.119621   0.0000000E+00   0.0000000E+00   0.0000000E+00
 22.320708   0.0000000E+00   0.0000000E+00   0.0000000E+00
 22.521796   0.0000000E+00   0.0000000E+00   0.0000000E+00
 22.722883   0.0000000E+00   0.0000000E+00   0.0000000E+00
 22.923971   0.0000000E+00   0.0000000E+00   0.0000000E+00
 23.125058   0.0000000E+00   0.0000000E+00   0.0000000E+00
 23.326146   0.0000000E+00   0.0000000E+00   0.0000000E+00
 23.527233   0.0000000E+00   0.0000000E+00   0.0000000E+00
 23.728320   0.0000000E+00   0.0000000E+00   0.0000000E+00
 23.929408   0.0000000E+00   0.0000000E+00   0.0000000E+00
 24.130495   0.0000000E+00   0.0000000E+00   0.0000000E+00
 24.331583   0.0000000E+00   0.0000000E+00   0.0000000E+00
 24.532670   0.0000000E+00   0.0000000E+00   0.0000000E+00
 24.733758   0.0000000E+00   0.0000000E+00   0.0000000E+00
 24.934845   0.0000000E+00   0.0000000E+00   0.0000000E+00
 25.135933   0.0000000E+00   0.0000000E+00   0.0000000E+00
 25.337020   0.0000000E+00   0.0000000E+00   0.0000000E+00
 25.538108   0.0000000E+00   0.0000000E+00   0.0000000E+00
 25.739195   0.0000000E+00   0.0000000E+00   0.0000000E+00
