#  n+238U
# Incident Energy =   14.43816
# Particle spectrum from Pre-equilibrium emission from 239U
# num energy points =  128
#  E (MeV)               g               n               p
  0.000000   0.0000000E+00   0.0000000E+00   0.0000000E+00
  0.201087   0.0000000E+00   0.2152361E-01   0.2834682E-10
  0.402175   0.0000000E+00   0.4098442E-01   0.2628981E-10
  0.603262   0.0000000E+00   0.5400918E-01   0.2440647E-10
  0.804350   0.0000000E+00   0.6849302E-01   0.2268112E-10
  1.005437   0.0000000E+00   0.8929628E-01   0.2109945E-10
  1.206525   0.0000000E+00   0.1120149E+00   0.1964843E-10
  1.407612   0.0000000E+00   0.1278605E+00   0.1831620E-10
  1.608700   0.0000000E+00   0.1347955E+00   0.1709195E-10
  1.809787   0.0000000E+00   0.1360763E+00   0.1596586E-10
  2.010875   0.0000000E+00   0.1340413E+00   0.1492097E-10
  2.211962   0.0000000E+00   0.1303928E+00   0.1406867E-10
  2.413050   0.0000000E+00   0.1263882E+00   0.1534248E-10
  2.614137   0.0000000E+00   0.1227019E+00   0.3528100E-10
  2.815224   0.0000000E+00   0.1194877E+00   0.1761729E-09
  3.016312   0.0000000E+00   0.1165505E+00   0.9560929E-09
  3.217399   0.0000000E+00   0.1137248E+00   0.4584197E-08
  3.418487   0.0000000E+00   0.1109253E+00   0.1897518E-07
  3.619574   0.0000000E+00   0.1081347E+00   0.6895726E-07
  3.820662   0.0000000E+00   0.1054125E+00   0.2237227E-06
  4.021749   0.0000000E+00   0.1028215E+00   0.6568095E-06
  4.222837   0.0000000E+00   0.1004232E+00   0.1765799E-05
  4.423924   0.0000000E+00   0.9823759E-01   0.4386366E-05
  4.625012   0.0000000E+00   0.9629229E-01   0.1013378E-04
  4.826099   0.0000000E+00   0.9459577E-01   0.2200386E-04
  5.027187   0.0000000E+00   0.9315558E-01   0.4513999E-04
  5.228274   0.0000000E+00   0.9196314E-01   0.9077466E-04
  5.429361   0.0000000E+00   0.9100647E-01   0.8802265E-03
  5.630449   0.0000000E+00   0.9023797E-01   0.1043702E-02
  5.831536   0.0000000E+00   0.8963580E-01   0.1741731E-02
  6.032624   0.0000000E+00   0.8908693E-01   0.2208831E-02
  6.233711   0.0000000E+00   0.8856583E-01   0.3843210E-02
  6.434799   0.0000000E+00   0.8795904E-01   0.5570365E-02
  6.635886   0.0000000E+00   0.8723100E-01   0.8656879E-02
  6.836974   0.0000000E+00   0.8631241E-01   0.1265862E-01
  7.038061   0.0000000E+00   0.8516740E-01   0.1795143E-01
  7.239149   0.0000000E+00   0.8380806E-01   0.2531398E-01
  7.440236   0.0000000E+00   0.8225605E-01   0.3464829E-01
  7.641324   0.0000000E+00   0.8050052E-01   0.4676747E-01
  7.842411   0.0000000E+00   0.7862833E-01   0.6169518E-01
  8.043498   0.0000000E+00   0.7662675E-01   0.7995168E-01
  8.244586   0.0000000E+00   0.7451812E-01   0.1020195E+00
  8.445673   0.0000000E+00   0.7235493E-01   0.1280908E+00
  8.646761   0.0000000E+00   0.7012759E-01   0.1581462E+00
  8.847848   0.0000000E+00   0.6785881E-01   0.1919756E+00
  9.048936   0.0000000E+00   0.6557223E-01   0.2291183E+00
  9.250023   0.0000000E+00   0.6326364E-01   0.2689361E+00
  9.451111   0.0000000E+00   0.6094119E-01   0.3102606E+00
  9.652198   0.0000000E+00   0.5861480E-01   0.3514987E+00
  9.853286   0.0000000E+00   0.5627706E-01   0.3900450E+00
 10.054373   0.0000000E+00   0.5392672E-01   0.4230267E+00
 10.255461   0.0000000E+00   0.5156095E-01   0.4469284E+00
 10.456548   0.0000000E+00   0.4917085E-01   0.4571396E+00
 10.657635   0.0000000E+00   0.4674933E-01   0.4481550E+00
 10.858723   0.0000000E+00   0.4428648E-01   0.4145787E+00
 11.059810   0.0000000E+00   0.4177098E-01   0.3499345E+00
 11.260898   0.0000000E+00   0.3919167E-01   0.0000000E+00
 11.461985   0.0000000E+00   0.3654379E-01   0.0000000E+00
 11.663073   0.0000000E+00   0.3381383E-01   0.0000000E+00
 11.864160   0.0000000E+00   0.3098877E-01   0.0000000E+00
 12.065248   0.0000000E+00   0.2805487E-01   0.0000000E+00
 12.266335   0.0000000E+00   0.2499634E-01   0.0000000E+00
 12.467423   0.0000000E+00   0.2176673E-01   0.0000000E+00
 12.668510   0.0000000E+00   0.1842481E-01   0.0000000E+00
 12.869598   0.0000000E+00   0.1486094E-01   0.0000000E+00
 13.070685   0.0000000E+00   0.0000000E+00   0.0000000E+00
 13.271772   0.0000000E+00   0.0000000E+00   0.0000000E+00
 13.472860   0.0000000E+00   0.0000000E+00   0.0000000E+00
 13.673947   0.0000000E+00   0.0000000E+00   0.0000000E+00
 13.875035   0.0000000E+00   0.0000000E+00   0.0000000E+00
 14.076122   0.0000000E+00   0.0000000E+00   0.0000000E+00
 14.277210   0.0000000E+00   0.0000000E+00   0.0000000E+00
 14.478297   0.0000000E+00   0.0000000E+00   0.0000000E+00
 14.679385   0.0000000E+00   0.0000000E+00   0.0000000E+00
 14.880472   0.0000000E+00   0.0000000E+00   0.0000000E+00
 15.081560   0.0000000E+00   0.0000000E+00   0.0000000E+00
 15.282647   0.0000000E+00   0.0000000E+00   0.0000000E+00
 15.483735   0.0000000E+00   0.0000000E+00   0.0000000E+00
 15.684822   0.0000000E+00   0.0000000E+00   0.0000000E+00
 15.885909   0.0000000E+00   0.0000000E+00   0.0000000E+00
 16.086997   0.0000000E+00   0.0000000E+00   0.0000000E+00
 16.288084   0.0000000E+00   0.0000000E+00   0.0000000E+00
 16.489172   0.0000000E+00   0.0000000E+00   0.0000000E+00
 16.690259   0.0000000E+00   0.0000000E+00   0.0000000E+00
 16.891347   0.0000000E+00   0.0000000E+00   0.0000000E+00
 17.092434   0.0000000E+00   0.0000000E+00   0.0000000E+00
 17.293522   0.0000000E+00   0.0000000E+00   0.0000000E+00
 17.494609   0.0000000E+00   0.0000000E+00   0.0000000E+00
 17.695697   0.0000000E+00   0.0000000E+00   0.0000000E+00
 17.896784   0.0000000E+00   0.0000000E+00   0.0000000E+00
 18.097872   0.0000000E+00   0.0000000E+00   0.0000000E+00
 18.298959   0.0000000E+00   0.0000000E+00   0.0000000E+00
 18.500046   0.0000000E+00   0.0000000E+00   0.0000000E+00
 18.701134   0.0000000E+00   0.0000000E+00   0.0000000E+00
 18.902221   0.0000000E+00   0.0000000E+00   0.0000000E+00
 19.103309   0.0000000E+00   0.0000000E+00   0.0000000E+00
 19.304396   0.0000000E+00   0.0000000E+00   0.0000000E+00
 19.505484   0.0000000E+00   0.0000000E+00   0.0000000E+00
 19.706571   0.0000000E+00   0.0000000E+00   0.0000000E+00
 19.907659   0.0000000E+00   0.0000000E+00   0.0000000E+00
 20.108746   0.0000000E+00   0.0000000E+00   0.0000000E+00
 20.309834   0.0000000E+00   0.0000000E+00   0.0000000E+00
 20.510921   0.0000000E+00   0.0000000E+00   0.0000000E+00
 20.712009   0.0000000E+00   0.0000000E+00   0.0000000E+00
 20.913096   0.0000000E+00   0.0000000E+00   0.0000000E+00
 21.114183   0.0000000E+00   0.0000000E+00   0.0000000E+00
 21.315271   0.0000000E+00   0.0000000E+00   0.0000000E+00
 21.516358   0.0000000E+00   0.0000000E+00   0.0000000E+00
 21.717446   0.0000000E+00   0.0000000E+00   0.0000000E+00
 21.918533   0.0000000E+00   0.0000000E+00   0.0000000E+00
 22.119621   0.0000000E+00   0.0000000E+00   0.0000000E+00
 22.320708   0.0000000E+00   0.0000000E+00   0.0000000E+00
 22.521796   0.0000000E+00   0.0000000E+00   0.0000000E+00
 22.722883   0.0000000E+00   0.0000000E+00   0.0000000E+00
 22.923971   0.0000000E+00   0.0000000E+00   0.0000000E+00
 23.125058   0.0000000E+00   0.0000000E+00   0.0000000E+00
 23.326146   0.0000000E+00   0.0000000E+00   0.0000000E+00
 23.527233   0.0000000E+00   0.0000000E+00   0.0000000E+00
 23.728320   0.0000000E+00   0.0000000E+00   0.0000000E+00
 23.929408   0.0000000E+00   0.0000000E+00   0.0000000E+00
 24.130495   0.0000000E+00   0.0000000E+00   0.0000000E+00
 24.331583   0.0000000E+00   0.0000000E+00   0.0000000E+00
 24.532670   0.0000000E+00   0.0000000E+00   0.0000000E+00
 24.733758   0.0000000E+00   0.0000000E+00   0.0000000E+00
 24.934845   0.0000000E+00   0.0000000E+00   0.0000000E+00
 25.135933   0.0000000E+00   0.0000000E+00   0.0000000E+00
 25.337020   0.0000000E+00   0.0000000E+00   0.0000000E+00
 25.538108   0.0000000E+00   0.0000000E+00   0.0000000E+00
 25.739195   0.0000000E+00   0.0000000E+00   0.0000000E+00
