#  n+238U
# Incident Energy =   11.20725
# Particle spectrum from Pre-equilibrium emission from 239U
# num energy points =  128
#  E (MeV)               g               n               p
  0.000000   0.0000000E+00   0.0000000E+00   0.0000000E+00
  0.201087   0.0000000E+00   0.3060239E-01   0.1681161E-08
  0.402175   0.0000000E+00   0.5746234E-01   0.1543791E-08
  0.603262   0.0000000E+00   0.7472828E-01   0.1419866E-08
  0.804350   0.0000000E+00   0.9359368E-01   0.1307880E-08
  1.005437   0.0000000E+00   0.1205992E+00   0.1206502E-08
  1.206525   0.0000000E+00   0.1496303E+00   0.1114550E-08
  1.407612   0.0000000E+00   0.1690539E+00   0.1030982E-08
  1.608700   0.0000000E+00   0.1765258E+00   0.9548723E-09
  1.809787   0.0000000E+00   0.1766208E+00   0.8854055E-09
  2.010875   0.0000000E+00   0.1725389E+00   0.8214167E-09
  2.211962   0.0000000E+00   0.1665446E+00   0.7688082E-09
  2.413050   0.0000000E+00   0.1602605E+00   0.8321472E-09
  2.614137   0.0000000E+00   0.1545261E+00   0.1898829E-08
  2.815224   0.0000000E+00   0.1495072E+00   0.9405503E-08
  3.016312   0.0000000E+00   0.1449338E+00   0.5061209E-07
  3.217399   0.0000000E+00   0.1405799E+00   0.2404892E-06
  3.418487   0.0000000E+00   0.1363251E+00   0.9858564E-06
  3.619574   0.0000000E+00   0.1321356E+00   0.3545419E-05
  3.820662   0.0000000E+00   0.1280617E+00   0.1137272E-04
  4.021749   0.0000000E+00   0.1241950E+00   0.3297643E-04
  4.222837   0.0000000E+00   0.1205796E+00   0.8745554E-04
  4.423924   0.0000000E+00   0.1172285E+00   0.2140053E-03
  4.625012   0.0000000E+00   0.1141634E+00   0.4862539E-03
  4.826099   0.0000000E+00   0.1113829E+00   0.1036462E-02
  5.027187   0.0000000E+00   0.1088839E+00   0.2082769E-02
  5.228274   0.0000000E+00   0.1066442E+00   0.4092415E-02
  5.429361   0.0000000E+00   0.1046371E+00   0.3866072E-01
  5.630449   0.0000000E+00   0.1027952E+00   0.4450515E-01
  5.831536   0.0000000E+00   0.1010809E+00   0.7181049E-01
  6.032624   0.0000000E+00   0.9935475E-01   0.8761896E-01
  6.233711   0.0000000E+00   0.9757214E-01   0.1457982E+00
  6.434799   0.0000000E+00   0.9561454E-01   0.2006080E+00
  6.635886   0.0000000E+00   0.9342763E-01   0.2932201E+00
  6.836974   0.0000000E+00   0.9093439E-01   0.3984761E+00
  7.038061   0.0000000E+00   0.8809877E-01   0.5169610E+00
  7.239149   0.0000000E+00   0.8493180E-01   0.6526933E+00
  7.440236   0.0000000E+00   0.8145969E-01   0.7755312E+00
  7.641324   0.0000000E+00   0.7767346E-01   0.8665835E+00
  7.842411   0.0000000E+00   0.7365761E-01   0.8724452E+00
  8.043498   0.0000000E+00   0.6938742E-01   0.0000000E+00
  8.244586   0.0000000E+00   0.6490272E-01   0.0000000E+00
  8.445673   0.0000000E+00   0.6022343E-01   0.0000000E+00
  8.646761   0.0000000E+00   0.5532803E-01   0.0000000E+00
  8.847848   0.0000000E+00   0.5021603E-01   0.0000000E+00
  9.048936   0.0000000E+00   0.4487666E-01   0.0000000E+00
  9.250023   0.0000000E+00   0.3917356E-01   0.0000000E+00
  9.451111   0.0000000E+00   0.3330827E-01   0.0000000E+00
  9.652198   0.0000000E+00   0.2699863E-01   0.0000000E+00
  9.853286   0.0000000E+00   0.0000000E+00   0.0000000E+00
 10.054373   0.0000000E+00   0.0000000E+00   0.0000000E+00
 10.255461   0.0000000E+00   0.0000000E+00   0.0000000E+00
 10.456548   0.0000000E+00   0.0000000E+00   0.0000000E+00
 10.657635   0.0000000E+00   0.0000000E+00   0.0000000E+00
 10.858723   0.0000000E+00   0.0000000E+00   0.0000000E+00
 11.059810   0.0000000E+00   0.0000000E+00   0.0000000E+00
 11.260898   0.0000000E+00   0.0000000E+00   0.0000000E+00
 11.461985   0.0000000E+00   0.0000000E+00   0.0000000E+00
 11.663073   0.0000000E+00   0.0000000E+00   0.0000000E+00
 11.864160   0.0000000E+00   0.0000000E+00   0.0000000E+00
 12.065248   0.0000000E+00   0.0000000E+00   0.0000000E+00
 12.266335   0.0000000E+00   0.0000000E+00   0.0000000E+00
 12.467423   0.0000000E+00   0.0000000E+00   0.0000000E+00
 12.668510   0.0000000E+00   0.0000000E+00   0.0000000E+00
 12.869598   0.0000000E+00   0.0000000E+00   0.0000000E+00
 13.070685   0.0000000E+00   0.0000000E+00   0.0000000E+00
 13.271772   0.0000000E+00   0.0000000E+00   0.0000000E+00
 13.472860   0.0000000E+00   0.0000000E+00   0.0000000E+00
 13.673947   0.0000000E+00   0.0000000E+00   0.0000000E+00
 13.875035   0.0000000E+00   0.0000000E+00   0.0000000E+00
 14.076122   0.0000000E+00   0.0000000E+00   0.0000000E+00
 14.277210   0.0000000E+00   0.0000000E+00   0.0000000E+00
 14.478297   0.0000000E+00   0.0000000E+00   0.0000000E+00
 14.679385   0.0000000E+00   0.0000000E+00   0.0000000E+00
 14.880472   0.0000000E+00   0.0000000E+00   0.0000000E+00
 15.081560   0.0000000E+00   0.0000000E+00   0.0000000E+00
 15.282647   0.0000000E+00   0.0000000E+00   0.0000000E+00
 15.483735   0.0000000E+00   0.0000000E+00   0.0000000E+00
 15.684822   0.0000000E+00   0.0000000E+00   0.0000000E+00
 15.885909   0.0000000E+00   0.0000000E+00   0.0000000E+00
 16.086997   0.0000000E+00   0.0000000E+00   0.0000000E+00
 16.288084   0.0000000E+00   0.0000000E+00   0.0000000E+00
 16.489172   0.0000000E+00   0.0000000E+00   0.0000000E+00
 16.690259   0.0000000E+00   0.0000000E+00   0.0000000E+00
 16.891347   0.0000000E+00   0.0000000E+00   0.0000000E+00
 17.092434   0.0000000E+00   0.0000000E+00   0.0000000E+00
 17.293522   0.0000000E+00   0.0000000E+00   0.0000000E+00
 17.494609   0.0000000E+00   0.0000000E+00   0.0000000E+00
 17.695697   0.0000000E+00   0.0000000E+00   0.0000000E+00
 17.896784   0.0000000E+00   0.0000000E+00   0.0000000E+00
 18.097872   0.0000000E+00   0.0000000E+00   0.0000000E+00
 18.298959   0.0000000E+00   0.0000000E+00   0.0000000E+00
 18.500046   0.0000000E+00   0.0000000E+00   0.0000000E+00
 18.701134   0.0000000E+00   0.0000000E+00   0.0000000E+00
 18.902221   0.0000000E+00   0.0000000E+00   0.0000000E+00
 19.103309   0.0000000E+00   0.0000000E+00   0.0000000E+00
 19.304396   0.0000000E+00   0.0000000E+00   0.0000000E+00
 19.505484   0.0000000E+00   0.0000000E+00   0.0000000E+00
 19.706571   0.0000000E+00   0.0000000E+00   0.0000000E+00
 19.907659   0.0000000E+00   0.0000000E+00   0.0000000E+00
 20.108746   0.0000000E+00   0.0000000E+00   0.0000000E+00
 20.309834   0.0000000E+00   0.0000000E+00   0.0000000E+00
 20.510921   0.0000000E+00   0.0000000E+00   0.0000000E+00
 20.712009   0.0000000E+00   0.0000000E+00   0.0000000E+00
 20.913096   0.0000000E+00   0.0000000E+00   0.0000000E+00
 21.114183   0.0000000E+00   0.0000000E+00   0.0000000E+00
 21.315271   0.0000000E+00   0.0000000E+00   0.0000000E+00
 21.516358   0.0000000E+00   0.0000000E+00   0.0000000E+00
 21.717446   0.0000000E+00   0.0000000E+00   0.0000000E+00
 21.918533   0.0000000E+00   0.0000000E+00   0.0000000E+00
 22.119621   0.0000000E+00   0.0000000E+00   0.0000000E+00
 22.320708   0.0000000E+00   0.0000000E+00   0.0000000E+00
 22.521796   0.0000000E+00   0.0000000E+00   0.0000000E+00
 22.722883   0.0000000E+00   0.0000000E+00   0.0000000E+00
 22.923971   0.0000000E+00   0.0000000E+00   0.0000000E+00
 23.125058   0.0000000E+00   0.0000000E+00   0.0000000E+00
 23.326146   0.0000000E+00   0.0000000E+00   0.0000000E+00
 23.527233   0.0000000E+00   0.0000000E+00   0.0000000E+00
 23.728320   0.0000000E+00   0.0000000E+00   0.0000000E+00
 23.929408   0.0000000E+00   0.0000000E+00   0.0000000E+00
 24.130495   0.0000000E+00   0.0000000E+00   0.0000000E+00
 24.331583   0.0000000E+00   0.0000000E+00   0.0000000E+00
 24.532670   0.0000000E+00   0.0000000E+00   0.0000000E+00
 24.733758   0.0000000E+00   0.0000000E+00   0.0000000E+00
 24.934845   0.0000000E+00   0.0000000E+00   0.0000000E+00
 25.135933   0.0000000E+00   0.0000000E+00   0.0000000E+00
 25.337020   0.0000000E+00   0.0000000E+00   0.0000000E+00
 25.538108   0.0000000E+00   0.0000000E+00   0.0000000E+00
 25.739195   0.0000000E+00   0.0000000E+00   0.0000000E+00
