#  n+238U
# Incident Energy =    9.99565
# Particle spectrum from Pre-equilibrium emission from 239U
# num energy points =  128
#  E (MeV)               g               n               p
  0.000000   0.0000000E+00   0.0000000E+00   0.0000000E+00
  0.201087   0.0000000E+00   0.3551060E-01   0.1789618E-07
  0.402175   0.0000000E+00   0.6631895E-01   0.1637395E-07
  0.603262   0.0000000E+00   0.8581825E-01   0.1500678E-07
  0.804350   0.0000000E+00   0.1069945E+00   0.1377593E-07
  1.005437   0.0000000E+00   0.1372928E+00   0.1266500E-07
  1.206525   0.0000000E+00   0.1696936E+00   0.1165967E-07
  1.407612   0.0000000E+00   0.1910522E+00   0.1074746E-07
  1.608700   0.0000000E+00   0.1988547E+00   0.9917446E-08
  1.809787   0.0000000E+00   0.1983677E+00   0.9160081E-08
  2.010875   0.0000000E+00   0.1932403E+00   0.8462466E-08
  2.211962   0.0000000E+00   0.1860297E+00   0.7884438E-08
  2.413050   0.0000000E+00   0.1785489E+00   0.8491460E-08
  2.614137   0.0000000E+00   0.1716940E+00   0.1926957E-07
  2.815224   0.0000000E+00   0.1657063E+00   0.9486518E-07
  3.016312   0.0000000E+00   0.1602251E+00   0.5070001E-06
  3.217399   0.0000000E+00   0.1549928E+00   0.2390656E-05
  3.418487   0.0000000E+00   0.1498710E+00   0.9715877E-05
  3.619574   0.0000000E+00   0.1448178E+00   0.3460114E-04
  3.820662   0.0000000E+00   0.1398962E+00   0.1097650E-03
  4.021749   0.0000000E+00   0.1351724E+00   0.3142662E-03
  4.222837   0.0000000E+00   0.1307094E+00   0.8214182E-03
  4.423924   0.0000000E+00   0.1265141E+00   0.1976563E-02
  4.625012   0.0000000E+00   0.1226029E+00   0.4404316E-02
  4.826099   0.0000000E+00   0.1189660E+00   0.9175925E-02
  5.027187   0.0000000E+00   0.1155788E+00   0.1794807E-01
  5.228274   0.0000000E+00   0.1124385E+00   0.3414748E-01
  5.429361   0.0000000E+00   0.1094846E+00   0.3102506E+00
  5.630449   0.0000000E+00   0.1066348E+00   0.3404353E+00
  5.831536   0.0000000E+00   0.1038378E+00   0.5172594E+00
  6.032624   0.0000000E+00   0.1009370E+00   0.5841755E+00
  6.233711   0.0000000E+00   0.9788076E-01   0.8770070E+00
  6.434799   0.0000000E+00   0.9452272E-01   0.1045085E+01
  6.635886   0.0000000E+00   0.9080880E-01   0.1229802E+01
  6.836974   0.0000000E+00   0.8663682E-01   0.0000000E+00
  7.038061   0.0000000E+00   0.8200727E-01   0.0000000E+00
  7.239149   0.0000000E+00   0.7689012E-01   0.0000000E+00
  7.440236   0.0000000E+00   0.7129881E-01   0.0000000E+00
  7.641324   0.0000000E+00   0.6520944E-01   0.0000000E+00
  7.842411   0.0000000E+00   0.5866816E-01   0.0000000E+00
  8.043498   0.0000000E+00   0.5147194E-01   0.0000000E+00
  8.244586   0.0000000E+00   0.4397678E-01   0.0000000E+00
  8.445673   0.0000000E+00   0.3578721E-01   0.0000000E+00
  8.646761   0.0000000E+00   0.0000000E+00   0.0000000E+00
  8.847848   0.0000000E+00   0.0000000E+00   0.0000000E+00
  9.048936   0.0000000E+00   0.0000000E+00   0.0000000E+00
  9.250023   0.0000000E+00   0.0000000E+00   0.0000000E+00
  9.451111   0.0000000E+00   0.0000000E+00   0.0000000E+00
  9.652198   0.0000000E+00   0.0000000E+00   0.0000000E+00
  9.853286   0.0000000E+00   0.0000000E+00   0.0000000E+00
 10.054373   0.0000000E+00   0.0000000E+00   0.0000000E+00
 10.255461   0.0000000E+00   0.0000000E+00   0.0000000E+00
 10.456548   0.0000000E+00   0.0000000E+00   0.0000000E+00
 10.657635   0.0000000E+00   0.0000000E+00   0.0000000E+00
 10.858723   0.0000000E+00   0.0000000E+00   0.0000000E+00
 11.059810   0.0000000E+00   0.0000000E+00   0.0000000E+00
 11.260898   0.0000000E+00   0.0000000E+00   0.0000000E+00
 11.461985   0.0000000E+00   0.0000000E+00   0.0000000E+00
 11.663073   0.0000000E+00   0.0000000E+00   0.0000000E+00
 11.864160   0.0000000E+00   0.0000000E+00   0.0000000E+00
 12.065248   0.0000000E+00   0.0000000E+00   0.0000000E+00
 12.266335   0.0000000E+00   0.0000000E+00   0.0000000E+00
 12.467423   0.0000000E+00   0.0000000E+00   0.0000000E+00
 12.668510   0.0000000E+00   0.0000000E+00   0.0000000E+00
 12.869598   0.0000000E+00   0.0000000E+00   0.0000000E+00
 13.070685   0.0000000E+00   0.0000000E+00   0.0000000E+00
 13.271772   0.0000000E+00   0.0000000E+00   0.0000000E+00
 13.472860   0.0000000E+00   0.0000000E+00   0.0000000E+00
 13.673947   0.0000000E+00   0.0000000E+00   0.0000000E+00
 13.875035   0.0000000E+00   0.0000000E+00   0.0000000E+00
 14.076122   0.0000000E+00   0.0000000E+00   0.0000000E+00
 14.277210   0.0000000E+00   0.0000000E+00   0.0000000E+00
 14.478297   0.0000000E+00   0.0000000E+00   0.0000000E+00
 14.679385   0.0000000E+00   0.0000000E+00   0.0000000E+00
 14.880472   0.0000000E+00   0.0000000E+00   0.0000000E+00
 15.081560   0.0000000E+00   0.0000000E+00   0.0000000E+00
 15.282647   0.0000000E+00   0.0000000E+00   0.0000000E+00
 15.483735   0.0000000E+00   0.0000000E+00   0.0000000E+00
 15.684822   0.0000000E+00   0.0000000E+00   0.0000000E+00
 15.885909   0.0000000E+00   0.0000000E+00   0.0000000E+00
 16.086997   0.0000000E+00   0.0000000E+00   0.0000000E+00
 16.288084   0.0000000E+00   0.0000000E+00   0.0000000E+00
 16.489172   0.0000000E+00   0.0000000E+00   0.0000000E+00
 16.690259   0.0000000E+00   0.0000000E+00   0.0000000E+00
 16.891347   0.0000000E+00   0.0000000E+00   0.0000000E+00
 17.092434   0.0000000E+00   0.0000000E+00   0.0000000E+00
 17.293522   0.0000000E+00   0.0000000E+00   0.0000000E+00
 17.494609   0.0000000E+00   0.0000000E+00   0.0000000E+00
 17.695697   0.0000000E+00   0.0000000E+00   0.0000000E+00
 17.896784   0.0000000E+00   0.0000000E+00   0.0000000E+00
 18.097872   0.0000000E+00   0.0000000E+00   0.0000000E+00
 18.298959   0.0000000E+00   0.0000000E+00   0.0000000E+00
 18.500046   0.0000000E+00   0.0000000E+00   0.0000000E+00
 18.701134   0.0000000E+00   0.0000000E+00   0.0000000E+00
 18.902221   0.0000000E+00   0.0000000E+00   0.0000000E+00
 19.103309   0.0000000E+00   0.0000000E+00   0.0000000E+00
 19.304396   0.0000000E+00   0.0000000E+00   0.0000000E+00
 19.505484   0.0000000E+00   0.0000000E+00   0.0000000E+00
 19.706571   0.0000000E+00   0.0000000E+00   0.0000000E+00
 19.907659   0.0000000E+00   0.0000000E+00   0.0000000E+00
 20.108746   0.0000000E+00   0.0000000E+00   0.0000000E+00
 20.309834   0.0000000E+00   0.0000000E+00   0.0000000E+00
 20.510921   0.0000000E+00   0.0000000E+00   0.0000000E+00
 20.712009   0.0000000E+00   0.0000000E+00   0.0000000E+00
 20.913096   0.0000000E+00   0.0000000E+00   0.0000000E+00
 21.114183   0.0000000E+00   0.0000000E+00   0.0000000E+00
 21.315271   0.0000000E+00   0.0000000E+00   0.0000000E+00
 21.516358   0.0000000E+00   0.0000000E+00   0.0000000E+00
 21.717446   0.0000000E+00   0.0000000E+00   0.0000000E+00
 21.918533   0.0000000E+00   0.0000000E+00   0.0000000E+00
 22.119621   0.0000000E+00   0.0000000E+00   0.0000000E+00
 22.320708   0.0000000E+00   0.0000000E+00   0.0000000E+00
 22.521796   0.0000000E+00   0.0000000E+00   0.0000000E+00
 22.722883   0.0000000E+00   0.0000000E+00   0.0000000E+00
 22.923971   0.0000000E+00   0.0000000E+00   0.0000000E+00
 23.125058   0.0000000E+00   0.0000000E+00   0.0000000E+00
 23.326146   0.0000000E+00   0.0000000E+00   0.0000000E+00
 23.527233   0.0000000E+00   0.0000000E+00   0.0000000E+00
 23.728320   0.0000000E+00   0.0000000E+00   0.0000000E+00
 23.929408   0.0000000E+00   0.0000000E+00   0.0000000E+00
 24.130495   0.0000000E+00   0.0000000E+00   0.0000000E+00
 24.331583   0.0000000E+00   0.0000000E+00   0.0000000E+00
 24.532670   0.0000000E+00   0.0000000E+00   0.0000000E+00
 24.733758   0.0000000E+00   0.0000000E+00   0.0000000E+00
 24.934845   0.0000000E+00   0.0000000E+00   0.0000000E+00
 25.135933   0.0000000E+00   0.0000000E+00   0.0000000E+00
 25.337020   0.0000000E+00   0.0000000E+00   0.0000000E+00
 25.538108   0.0000000E+00   0.0000000E+00   0.0000000E+00
 25.739195   0.0000000E+00   0.0000000E+00   0.0000000E+00
