#  n+238U
# Incident Energy =   13.02464
# Particle spectrum from Pre-equilibrium emission from 239U
# num energy points =  128
#  E (MeV)               g               n               p
  0.000000   0.0000000E+00   0.0000000E+00   0.0000000E+00
  0.201087   0.0000000E+00   0.2495007E-01   0.1252737E-09
  0.402175   0.0000000E+00   0.4722887E-01   0.1156779E-09
  0.603262   0.0000000E+00   0.6188760E-01   0.1069499E-09
  0.804350   0.0000000E+00   0.7806338E-01   0.9900356E-10
  1.005437   0.0000000E+00   0.1012555E+00   0.9176146E-10
  1.206525   0.0000000E+00   0.1264054E+00   0.8515370E-10
  1.407612   0.0000000E+00   0.1436314E+00   0.7911734E-10
  1.608700   0.0000000E+00   0.1507750E+00   0.7359578E-10
  1.809787   0.0000000E+00   0.1515972E+00   0.6853811E-10
  2.010875   0.0000000E+00   0.1487688E+00   0.6386414E-10
  2.211962   0.0000000E+00   0.1442102E+00   0.6004314E-10
  2.413050   0.0000000E+00   0.1393207E+00   0.6529395E-10
  2.614137   0.0000000E+00   0.1348396E+00   0.1497235E-09
  2.815224   0.0000000E+00   0.1309268E+00   0.7455048E-09
  3.016312   0.0000000E+00   0.1273595E+00   0.4034140E-08
  3.217399   0.0000000E+00   0.1239501E+00   0.1928488E-07
  3.418487   0.0000000E+00   0.1206006E+00   0.7957767E-07
  3.619574   0.0000000E+00   0.1172878E+00   0.2882510E-06
  3.820662   0.0000000E+00   0.1140722E+00   0.9319769E-06
  4.021749   0.0000000E+00   0.1110174E+00   0.2726097E-05
  4.222837   0.0000000E+00   0.1081854E+00   0.7300213E-05
  4.423924   0.0000000E+00   0.1055934E+00   0.1805757E-04
  4.625012   0.0000000E+00   0.1032667E+00   0.4152731E-04
  4.826099   0.0000000E+00   0.1012102E+00   0.8972144E-04
  5.027187   0.0000000E+00   0.9942787E-01   0.1830614E-03
  5.228274   0.0000000E+00   0.9790633E-01   0.3659440E-03
  5.429361   0.0000000E+00   0.9662876E-01   0.3525382E-02
  5.630449   0.0000000E+00   0.9553762E-01   0.4150141E-02
  5.831536   0.0000000E+00   0.9461360E-01   0.6870934E-02
  6.032624   0.0000000E+00   0.9372880E-01   0.8637203E-02
  6.233711   0.0000000E+00   0.9285380E-01   0.1488178E-01
  6.434799   0.0000000E+00   0.9186753E-01   0.2133558E-01
  6.635886   0.0000000E+00   0.9073167E-01   0.3275487E-01
  6.836974   0.0000000E+00   0.8937363E-01   0.4724277E-01
  7.038061   0.0000000E+00   0.8775809E-01   0.6596457E-01
  7.239149   0.0000000E+00   0.8589504E-01   0.9139499E-01
  7.440236   0.0000000E+00   0.8381015E-01   0.1226047E+00
  7.641324   0.0000000E+00   0.8149354E-01   0.1617048E+00
  7.842411   0.0000000E+00   0.7903426E-01   0.2076768E+00
  8.043498   0.0000000E+00   0.7641764E-01   0.2608247E+00
  8.244586   0.0000000E+00   0.7367199E-01   0.3207075E+00
  8.445673   0.0000000E+00   0.7084533E-01   0.3851874E+00
  8.646761   0.0000000E+00   0.6792751E-01   0.4505811E+00
  8.847848   0.0000000E+00   0.6493960E-01   0.5115496E+00
  9.048936   0.0000000E+00   0.6190222E-01   0.5606968E+00
  9.250023   0.0000000E+00   0.5880840E-01   0.5884200E+00
  9.451111   0.0000000E+00   0.5566304E-01   0.5816831E+00
  9.652198   0.0000000E+00   0.5246793E-01   0.5238559E+00
  9.853286   0.0000000E+00   0.4920783E-01   0.0000000E+00
 10.054373   0.0000000E+00   0.4588378E-01   0.0000000E+00
 10.255461   0.0000000E+00   0.4247639E-01   0.0000000E+00
 10.456548   0.0000000E+00   0.3896662E-01   0.0000000E+00
 10.657635   0.0000000E+00   0.3533377E-01   0.0000000E+00
 10.858723   0.0000000E+00   0.3155082E-01   0.0000000E+00
 11.059810   0.0000000E+00   0.2753433E-01   0.0000000E+00
 11.260898   0.0000000E+00   0.2337891E-01   0.0000000E+00
 11.461985   0.0000000E+00   0.1891977E-01   0.0000000E+00
 11.663073   0.0000000E+00   0.0000000E+00   0.0000000E+00
 11.864160   0.0000000E+00   0.0000000E+00   0.0000000E+00
 12.065248   0.0000000E+00   0.0000000E+00   0.0000000E+00
 12.266335   0.0000000E+00   0.0000000E+00   0.0000000E+00
 12.467423   0.0000000E+00   0.0000000E+00   0.0000000E+00
 12.668510   0.0000000E+00   0.0000000E+00   0.0000000E+00
 12.869598   0.0000000E+00   0.0000000E+00   0.0000000E+00
 13.070685   0.0000000E+00   0.0000000E+00   0.0000000E+00
 13.271772   0.0000000E+00   0.0000000E+00   0.0000000E+00
 13.472860   0.0000000E+00   0.0000000E+00   0.0000000E+00
 13.673947   0.0000000E+00   0.0000000E+00   0.0000000E+00
 13.875035   0.0000000E+00   0.0000000E+00   0.0000000E+00
 14.076122   0.0000000E+00   0.0000000E+00   0.0000000E+00
 14.277210   0.0000000E+00   0.0000000E+00   0.0000000E+00
 14.478297   0.0000000E+00   0.0000000E+00   0.0000000E+00
 14.679385   0.0000000E+00   0.0000000E+00   0.0000000E+00
 14.880472   0.0000000E+00   0.0000000E+00   0.0000000E+00
 15.081560   0.0000000E+00   0.0000000E+00   0.0000000E+00
 15.282647   0.0000000E+00   0.0000000E+00   0.0000000E+00
 15.483735   0.0000000E+00   0.0000000E+00   0.0000000E+00
 15.684822   0.0000000E+00   0.0000000E+00   0.0000000E+00
 15.885909   0.0000000E+00   0.0000000E+00   0.0000000E+00
 16.086997   0.0000000E+00   0.0000000E+00   0.0000000E+00
 16.288084   0.0000000E+00   0.0000000E+00   0.0000000E+00
 16.489172   0.0000000E+00   0.0000000E+00   0.0000000E+00
 16.690259   0.0000000E+00   0.0000000E+00   0.0000000E+00
 16.891347   0.0000000E+00   0.0000000E+00   0.0000000E+00
 17.092434   0.0000000E+00   0.0000000E+00   0.0000000E+00
 17.293522   0.0000000E+00   0.0000000E+00   0.0000000E+00
 17.494609   0.0000000E+00   0.0000000E+00   0.0000000E+00
 17.695697   0.0000000E+00   0.0000000E+00   0.0000000E+00
 17.896784   0.0000000E+00   0.0000000E+00   0.0000000E+00
 18.097872   0.0000000E+00   0.0000000E+00   0.0000000E+00
 18.298959   0.0000000E+00   0.0000000E+00   0.0000000E+00
 18.500046   0.0000000E+00   0.0000000E+00   0.0000000E+00
 18.701134   0.0000000E+00   0.0000000E+00   0.0000000E+00
 18.902221   0.0000000E+00   0.0000000E+00   0.0000000E+00
 19.103309   0.0000000E+00   0.0000000E+00   0.0000000E+00
 19.304396   0.0000000E+00   0.0000000E+00   0.0000000E+00
 19.505484   0.0000000E+00   0.0000000E+00   0.0000000E+00
 19.706571   0.0000000E+00   0.0000000E+00   0.0000000E+00
 19.907659   0.0000000E+00   0.0000000E+00   0.0000000E+00
 20.108746   0.0000000E+00   0.0000000E+00   0.0000000E+00
 20.309834   0.0000000E+00   0.0000000E+00   0.0000000E+00
 20.510921   0.0000000E+00   0.0000000E+00   0.0000000E+00
 20.712009   0.0000000E+00   0.0000000E+00   0.0000000E+00
 20.913096   0.0000000E+00   0.0000000E+00   0.0000000E+00
 21.114183   0.0000000E+00   0.0000000E+00   0.0000000E+00
 21.315271   0.0000000E+00   0.0000000E+00   0.0000000E+00
 21.516358   0.0000000E+00   0.0000000E+00   0.0000000E+00
 21.717446   0.0000000E+00   0.0000000E+00   0.0000000E+00
 21.918533   0.0000000E+00   0.0000000E+00   0.0000000E+00
 22.119621   0.0000000E+00   0.0000000E+00   0.0000000E+00
 22.320708   0.0000000E+00   0.0000000E+00   0.0000000E+00
 22.521796   0.0000000E+00   0.0000000E+00   0.0000000E+00
 22.722883   0.0000000E+00   0.0000000E+00   0.0000000E+00
 22.923971   0.0000000E+00   0.0000000E+00   0.0000000E+00
 23.125058   0.0000000E+00   0.0000000E+00   0.0000000E+00
 23.326146   0.0000000E+00   0.0000000E+00   0.0000000E+00
 23.527233   0.0000000E+00   0.0000000E+00   0.0000000E+00
 23.728320   0.0000000E+00   0.0000000E+00   0.0000000E+00
 23.929408   0.0000000E+00   0.0000000E+00   0.0000000E+00
 24.130495   0.0000000E+00   0.0000000E+00   0.0000000E+00
 24.331583   0.0000000E+00   0.0000000E+00   0.0000000E+00
 24.532670   0.0000000E+00   0.0000000E+00   0.0000000E+00
 24.733758   0.0000000E+00   0.0000000E+00   0.0000000E+00
 24.934845   0.0000000E+00   0.0000000E+00   0.0000000E+00
 25.135933   0.0000000E+00   0.0000000E+00   0.0000000E+00
 25.337020   0.0000000E+00   0.0000000E+00   0.0000000E+00
 25.538108   0.0000000E+00   0.0000000E+00   0.0000000E+00
 25.739195   0.0000000E+00   0.0000000E+00   0.0000000E+00
