#  n+238U
# Incident Energy =   18.07295
# Particle spectrum from Pre-equilibrium emission from 239U
# num energy points =  128
#  E (MeV)               g               n               p
  0.000000   0.0000000E+00   0.0000000E+00   0.0000000E+00
  0.201087   0.0000000E+00   0.1522795E-01   0.2509922E-11
  0.402175   0.0000000E+00   0.2937601E-01   0.2352429E-11
  0.603262   0.0000000E+00   0.3920324E-01   0.2206054E-11
  0.804350   0.0000000E+00   0.5032757E-01   0.2069992E-11
  1.005437   0.0000000E+00   0.6639212E-01   0.1943491E-11
  1.206525   0.0000000E+00   0.8423545E-01   0.1825853E-11
  1.407612   0.0000000E+00   0.9720743E-01   0.1716426E-11
  1.608700   0.0000000E+00   0.1035589E+00   0.1614608E-11
  1.809787   0.0000000E+00   0.1055958E+00   0.1519837E-11
  2.010875   0.0000000E+00   0.1050165E+00   0.1430819E-11
  2.211962   0.0000000E+00   0.1030936E+00   0.1358597E-11
  2.413050   0.0000000E+00   0.1007978E+00   0.1491634E-11
  2.614137   0.0000000E+00   0.9866733E-01   0.3452486E-11
  2.815224   0.0000000E+00   0.9683672E-01   0.1734860E-10
  3.016312   0.0000000E+00   0.9515917E-01   0.9472976E-10
  3.217399   0.0000000E+00   0.9350696E-01   0.4569354E-09
  3.418487   0.0000000E+00   0.9181536E-01   0.1902588E-08
  3.619574   0.0000000E+00   0.9007416E-01   0.6954835E-08
  3.820662   0.0000000E+00   0.8833739E-01   0.2269683E-07
  4.021749   0.0000000E+00   0.8666308E-01   0.6702900E-07
  4.222837   0.0000000E+00   0.8510915E-01   0.1812897E-06
  4.423924   0.0000000E+00   0.8369917E-01   0.4531132E-06
  4.625012   0.0000000E+00   0.8246341E-01   0.1053480E-05
  4.826099   0.0000000E+00   0.8141580E-01   0.2302566E-05
  5.027187   0.0000000E+00   0.8056945E-01   0.4756213E-05
  5.228274   0.0000000E+00   0.7992340E-01   0.9633941E-05
  5.429361   0.0000000E+00   0.7947344E-01   0.9413511E-04
  5.630449   0.0000000E+00   0.7918385E-01   0.1125270E-03
  5.831536   0.0000000E+00   0.7904089E-01   0.1894170E-03
  6.032624   0.0000000E+00   0.7894962E-01   0.2424504E-03
  6.233711   0.0000000E+00   0.7889116E-01   0.4260659E-03
  6.434799   0.0000000E+00   0.7876749E-01   0.6242022E-03
  6.635886   0.0000000E+00   0.7854853E-01   0.9813865E-03
  6.836974   0.0000000E+00   0.7817288E-01   0.1453204E-02
  7.038061   0.0000000E+00   0.7760917E-01   0.2089190E-02
  7.239149   0.0000000E+00   0.7686455E-01   0.2990296E-02
  7.440236   0.0000000E+00   0.7596004E-01   0.4160211E-02
  7.641324   0.0000000E+00   0.7488437E-01   0.5716646E-02
  7.842411   0.0000000E+00   0.7371711E-01   0.7691112E-02
  8.043498   0.0000000E+00   0.7244582E-01   0.1018572E-01
  8.244586   0.0000000E+00   0.7109080E-01   0.1331339E-01
  8.445673   0.0000000E+00   0.6970178E-01   0.1716864E-01
  8.646761   0.0000000E+00   0.6826984E-01   0.2183985E-01
  8.847848   0.0000000E+00   0.6681733E-01   0.2741587E-01
  9.048936   0.0000000E+00   0.6536846E-01   0.3398311E-01
  9.250023   0.0000000E+00   0.6392053E-01   0.4164357E-01
  9.451111   0.0000000E+00   0.6248453E-01   0.5047079E-01
  9.652198   0.0000000E+00   0.6107040E-01   0.6053277E-01
  9.853286   0.0000000E+00   0.5967522E-01   0.7179728E-01
 10.054373   0.0000000E+00   0.5830094E-01   0.8425971E-01
 10.255461   0.0000000E+00   0.5694836E-01   0.9789343E-01
 10.456548   0.0000000E+00   0.5561225E-01   0.1125545E+00
 10.657635   0.0000000E+00   0.5428946E-01   0.1279865E+00
 10.858723   0.0000000E+00   0.5297470E-01   0.1440835E+00
 11.059810   0.0000000E+00   0.5166056E-01   0.1606290E+00
 11.260898   0.0000000E+00   0.5034315E-01   0.1770229E+00
 11.461985   0.0000000E+00   0.4901801E-01   0.1930319E+00
 11.663073   0.0000000E+00   0.4768286E-01   0.2083501E+00
 11.864160   0.0000000E+00   0.4633214E-01   0.2226022E+00
 12.065248   0.0000000E+00   0.4496188E-01   0.2349663E+00
 12.266335   0.0000000E+00   0.4356918E-01   0.2452970E+00
 12.467423   0.0000000E+00   0.4216249E-01   0.2532244E+00
 12.668510   0.0000000E+00   0.4073568E-01   0.2584079E+00
 12.869598   0.0000000E+00   0.3928517E-01   0.2604245E+00
 13.070685   0.0000000E+00   0.3780954E-01   0.2590420E+00
 13.271772   0.0000000E+00   0.3631882E-01   0.2540236E+00
 13.472860   0.0000000E+00   0.3481571E-01   0.2451714E+00
 13.673947   0.0000000E+00   0.3329148E-01   0.2324705E+00
 13.875035   0.0000000E+00   0.3174496E-01   0.2157751E+00
 14.076122   0.0000000E+00   0.3017496E-01   0.1948652E+00
 14.277210   0.0000000E+00   0.2859485E-01   0.1696378E+00
 14.478297   0.0000000E+00   0.2699292E-01   0.1400162E+00
 14.679385   0.0000000E+00   0.2536579E-01   0.1060844E+00
 14.880472   0.0000000E+00   0.2370981E-01   0.0000000E+00
 15.081560   0.0000000E+00   0.2202293E-01   0.0000000E+00
 15.282647   0.0000000E+00   0.2030497E-01   0.0000000E+00
 15.483735   0.0000000E+00   0.1854549E-01   0.0000000E+00
 15.684822   0.0000000E+00   0.1673709E-01   0.0000000E+00
 15.885909   0.0000000E+00   0.1487042E-01   0.0000000E+00
 16.086997   0.0000000E+00   0.1292090E-01   0.0000000E+00
 16.288084   0.0000000E+00   0.1090601E-01   0.0000000E+00
 16.489172   0.0000000E+00   0.8776199E-02   0.0000000E+00
 16.690259   0.0000000E+00   0.0000000E+00   0.0000000E+00
 16.891347   0.0000000E+00   0.0000000E+00   0.0000000E+00
 17.092434   0.0000000E+00   0.0000000E+00   0.0000000E+00
 17.293522   0.0000000E+00   0.0000000E+00   0.0000000E+00
 17.494609   0.0000000E+00   0.0000000E+00   0.0000000E+00
 17.695697   0.0000000E+00   0.0000000E+00   0.0000000E+00
 17.896784   0.0000000E+00   0.0000000E+00   0.0000000E+00
 18.097872   0.0000000E+00   0.0000000E+00   0.0000000E+00
 18.298959   0.0000000E+00   0.0000000E+00   0.0000000E+00
 18.500046   0.0000000E+00   0.0000000E+00   0.0000000E+00
 18.701134   0.0000000E+00   0.0000000E+00   0.0000000E+00
 18.902221   0.0000000E+00   0.0000000E+00   0.0000000E+00
 19.103309   0.0000000E+00   0.0000000E+00   0.0000000E+00
 19.304396   0.0000000E+00   0.0000000E+00   0.0000000E+00
 19.505484   0.0000000E+00   0.0000000E+00   0.0000000E+00
 19.706571   0.0000000E+00   0.0000000E+00   0.0000000E+00
 19.907659   0.0000000E+00   0.0000000E+00   0.0000000E+00
 20.108746   0.0000000E+00   0.0000000E+00   0.0000000E+00
 20.309834   0.0000000E+00   0.0000000E+00   0.0000000E+00
 20.510921   0.0000000E+00   0.0000000E+00   0.0000000E+00
 20.712009   0.0000000E+00   0.0000000E+00   0.0000000E+00
 20.913096   0.0000000E+00   0.0000000E+00   0.0000000E+00
 21.114183   0.0000000E+00   0.0000000E+00   0.0000000E+00
 21.315271   0.0000000E+00   0.0000000E+00   0.0000000E+00
 21.516358   0.0000000E+00   0.0000000E+00   0.0000000E+00
 21.717446   0.0000000E+00   0.0000000E+00   0.0000000E+00
 21.918533   0.0000000E+00   0.0000000E+00   0.0000000E+00
 22.119621   0.0000000E+00   0.0000000E+00   0.0000000E+00
 22.320708   0.0000000E+00   0.0000000E+00   0.0000000E+00
 22.521796   0.0000000E+00   0.0000000E+00   0.0000000E+00
 22.722883   0.0000000E+00   0.0000000E+00   0.0000000E+00
 22.923971   0.0000000E+00   0.0000000E+00   0.0000000E+00
 23.125058   0.0000000E+00   0.0000000E+00   0.0000000E+00
 23.326146   0.0000000E+00   0.0000000E+00   0.0000000E+00
 23.527233   0.0000000E+00   0.0000000E+00   0.0000000E+00
 23.728320   0.0000000E+00   0.0000000E+00   0.0000000E+00
 23.929408   0.0000000E+00   0.0000000E+00   0.0000000E+00
 24.130495   0.0000000E+00   0.0000000E+00   0.0000000E+00
 24.331583   0.0000000E+00   0.0000000E+00   0.0000000E+00
 24.532670   0.0000000E+00   0.0000000E+00   0.0000000E+00
 24.733758   0.0000000E+00   0.0000000E+00   0.0000000E+00
 24.934845   0.0000000E+00   0.0000000E+00   0.0000000E+00
 25.135933   0.0000000E+00   0.0000000E+00   0.0000000E+00
 25.337020   0.0000000E+00   0.0000000E+00   0.0000000E+00
 25.538108   0.0000000E+00   0.0000000E+00   0.0000000E+00
 25.739195   0.0000000E+00   0.0000000E+00   0.0000000E+00
