A	N_gamma		
  81.  1.3215  1.4953
  82. -0.9957  1.1963
  83.  1.5221  0.972
  84.  2.2704  0.7973
  85.  1.9969  0.7226
  86.  2.5707  0.5483
  87.  2.6461  0.5233
  88.  2.5718  0.4238
  89.  3.0959  0.3988
  90.  3.1466  0.3736
  91.  3.1222  0.3987
  92.  3.1726  0.274
  93.  3.2481  0.274
  94.  3.3732  0.3489
  95.  3.5981  0.2244
  96.  3.8978  0.2742
  97.  3.6991  0.2241
  98.  3.0517  0.324
  99.  3.825  0.3239
  100.  3.8005  0.299
  101.  4.1253  0.274
  102.  4.1508  0.3488
  103.  4.9739  0.3987
  104.  5.2238  0.5231
  105.  4.975  0.4735
  106.  5.7732  0.5979
  107.  6.322  0.7727
  108.  4.5532  1.2212
  126.  1.8232  1.4702
  127. -0.2697  0.9966
  128.  0.0799  0.6729
  129.  1.0773  0.5981
  130.  0.5546  0.4735
  131.  0.7048  0.324
  132.  1.5276  0.3241
  133.  1.4038  0.3489
  134.  1.7284  0.3239
  135.  1.8037  0.2741
  136.  2.6768  0.2244
  137.  2.2286  0.3489
  138.  2.2044  0.3488
  139.  2.7034  0.2244
  140.  3.1027  0.2243
  141.  3.3776  0.274
  142.  3.5526  0.2492
  143.  3.7527  0.3487
  144.  3.8281  0.3488
  145.  3.8287  0.3987
  146.  4.3776  0.4984
  147.  4.2287  0.4485
  148.  4.2044  0.6477
  149.  4.5788  0.7726
  150.  4.4797  0.8721
  151.  5.0037  0.8723
  152.  7.297  1.3706
  153.  5.0547  1.5702

A	E_gamma 
  81.  1.9561  0.953
  82.  1.3041  0.7523
  83.  2.257  0.6019
  84.  3.8119  0.4765
  85.  2.884  0.5767
  86.  3.185  0.4514
  87.  4.0627  0.326
  88.  2.8589  0.301
  89.  4.163  0.2508
  90.  3.8119  0.2508
  91.  3.6364  0.2256
  92.  3.837  0.1755
  93.  3.3605  0.1756
  94.  4.0125  0.2007
  95.  3.837  0.1755
  96.  4.2132  0.2006
  97.  3.6614  0.2006
  98.  3.5361  0.1755
  99.  3.4859  0.1755
  100.  3.8871  0.1756
  101.  3.5361  0.2507
  102.  4.0125  0.2257
  103.  5.2414  0.3511
  104.  4.5392  0.326
  105.  4.0878  0.326
  106.  5.4922  0.5015
  107.  4.6143  0.5268
  108.  2.5078  0.9781
  126.  3.8871  0.9781
  127.  1.3793  0.7022
  128.  0.2257  0.4013
  129.  2.0815  0.4514
  130.  1.7806  0.3009
  131.  0.9781  0.326
  132.  2.4325  0.3261
  133.  3.0596  0.1755
  134.  2.6332  0.1756
  135.  2.9091  0.2257
  136.  2.9342  0.2758
  137.  2.8088  0.2257
  138.  2.4325  0.2007
  139.  2.6834  0.2006
  140.  2.7837  0.1755
  141.  3.2351  0.2256
  142.  2.8338  0.1505
  143.  3.21  0.2007
  144.  3.0094  0.2006
  145.  2.7335  0.2508
  146.  3.9122  0.2759
  147.  2.6082  0.3009
  148.  3.6364  0.3761
  149.  3.7116  0.5517
  150.  3.3354  0.6019
  151.  4.5392  0.5517
  152.  5.116  1.0282
  153.  4.6143  1.0282

A	E_gamma/N_gamma		Uncertainty
    8.1000E+01   1.4802E+00   1.2319E+00
    8.2000E+01  -1.3097E+00   1.3328E+00
    8.3000E+01   1.4828E+00   6.9204E-01
    8.4000E+01   1.6790E+00   3.7276E-01
    8.5000E+01   1.4442E+00   4.1344E-01
    8.6000E+01   1.2390E+00   2.5608E-01
    8.7000E+01   1.5354E+00   2.1342E-01
    8.8000E+01   1.1116E+00   1.9555E-01
    8.9000E+01   1.3447E+00   1.4221E-01
    9.0000E+01   1.2114E+00   1.3574E-01
    9.1000E+01   1.1647E+00   1.4197E-01
    9.2000E+01   1.2094E+00   9.7729E-02
    9.3000E+01   1.0346E+00   9.9230E-02
    9.4000E+01   1.1895E+00   1.1489E-01
    9.5000E+01   1.0664E+00   7.7341E-02
    9.6000E+01   1.0809E+00   8.4945E-02
    9.7000E+01   9.8981E-01   8.1682E-02
    9.8000E+01   1.1587E+00   1.1720E-01
    9.9000E+01   9.1135E-01   9.8516E-02
    1.0000E+02   1.0228E+00   9.0721E-02
    1.0100E+02   8.5717E-01   9.7149E-02
    1.0200E+02   9.6668E-01   1.0112E-01
    1.0300E+02   1.0538E+00   1.0446E-01
    1.0400E+02   8.6895E-01   1.2323E-01
    1.0500E+02   8.2167E-01   1.2417E-01
    1.0600E+02   9.5133E-01   1.3807E-01
    1.0700E+02   7.2988E-01   1.6725E-01
    1.0800E+02   5.5078E-01   4.7334E-01
    1.2600E+02   2.1320E+00   8.4473E-01
    1.2700E+02  -5.1142E+00   3.7301E+00
    1.2800E+02   2.8248E+00   8.6074E+00
    1.2900E+02   1.9321E+00   5.9604E-01
    1.3000E+02   3.2106E+00   8.7033E-01
    1.3100E+02   1.3878E+00   5.6782E-01
    1.3200E+02   1.5924E+00   2.5097E-01
    1.3300E+02   2.1795E+00   2.5507E-01
    1.3400E+02   1.5235E+00   1.9891E-01
    1.3500E+02   1.6129E+00   1.7062E-01
    1.3600E+02   1.0962E+00   1.2595E-01
    1.3700E+02   1.2603E+00   1.7597E-01
    1.3800E+02   1.1035E+00   1.7845E-01
    1.3900E+02   9.9260E-01   1.1171E-01
    1.4000E+02   8.9719E-01   9.5921E-02
    1.4100E+02   9.5781E-01   1.0698E-01
    1.4200E+02   7.9767E-01   8.7983E-02
    1.4300E+02   8.5538E-01   1.1200E-01
    1.4400E+02   7.8613E-01   1.1290E-01
    1.4500E+02   7.1395E-01   1.3879E-01
    1.4600E+02   8.9369E-01   1.3392E-01
    1.4700E+02   6.1679E-01   1.5671E-01
    1.4800E+02   8.6490E-01   1.8555E-01
    1.4900E+02   8.1061E-01   2.2487E-01
    1.5000E+02   7.4456E-01   2.6545E-01
    1.5100E+02   9.0717E-01   2.1252E-01
    1.5200E+02   7.0111E-01   2.7509E-01
    1.5300E+02   9.1287E-01   3.8230E-01

TKE 	E_gamma	 
  147.  6.8354  0.6251
  150.  7.4211  0.5416
  153.  7.3814  0.2916
  156.  6.8834  0.3334
  159.  6.8021  0.2502
  162.  6.7625  0.2503
  165.  6.7646  0.001
  168.  6.6834  0.001
  171.  6.6021  0.001
  174.  6.4375  0.001
  177.  6.2314  0.001
  180.  6.2751  0.001
  183.  6.1106  0.001
  186.  5.9042  0.292
  189.  5.9064  0.2498
  192.  5.7833  0.2917
  195.  5.202  0.2917
  198.  5.4125  0.25

