\cite{}
A : Average photon energy (MeV) : Uncertainty
    8.1000E+01   1.4802E+00   1.2319E+00
    8.2000E+01  -1.3097E+00   1.3328E+00
    8.3000E+01   1.4828E+00   6.9204E-01
    8.4000E+01   1.6790E+00   3.7276E-01
    8.5000E+01   1.4442E+00   4.1344E-01
    8.6000E+01   1.2390E+00   2.5608E-01
    8.7000E+01   1.5354E+00   2.1342E-01
    8.8000E+01   1.1116E+00   1.9555E-01
    8.9000E+01   1.3447E+00   1.4221E-01
    9.0000E+01   1.2114E+00   1.3574E-01
    9.1000E+01   1.1647E+00   1.4197E-01
    9.2000E+01   1.2094E+00   9.7729E-02
    9.3000E+01   1.0346E+00   9.9230E-02
    9.4000E+01   1.1895E+00   1.1489E-01
    9.5000E+01   1.0664E+00   7.7341E-02
    9.6000E+01   1.0809E+00   8.4945E-02
    9.7000E+01   9.8981E-01   8.1682E-02
    9.8000E+01   1.1587E+00   1.1720E-01
    9.9000E+01   9.1135E-01   9.8516E-02
    1.0000E+02   1.0228E+00   9.0721E-02
    1.0100E+02   8.5717E-01   9.7149E-02
    1.0200E+02   9.6668E-01   1.0112E-01
    1.0300E+02   1.0538E+00   1.0446E-01
    1.0400E+02   8.6895E-01   1.2323E-01
    1.0500E+02   8.2167E-01   1.2417E-01
    1.0600E+02   9.5133E-01   1.3807E-01
    1.0700E+02   7.2988E-01   1.6725E-01
    1.0800E+02   5.5078E-01   4.7334E-01
    1.2600E+02   2.1320E+00   8.4473E-01
    1.2700E+02  -5.1142E+00   3.7301E+00
    1.2800E+02   2.8248E+00   8.6074E+00
    1.2900E+02   1.9321E+00   5.9604E-01
    1.3000E+02   3.2106E+00   8.7033E-01
    1.3100E+02   1.3878E+00   5.6782E-01
    1.3200E+02   1.5924E+00   2.5097E-01
    1.3300E+02   2.1795E+00   2.5507E-01
    1.3400E+02   1.5235E+00   1.9891E-01
    1.3500E+02   1.6129E+00   1.7062E-01
    1.3600E+02   1.0962E+00   1.2595E-01
    1.3700E+02   1.2603E+00   1.7597E-01
    1.3800E+02   1.1035E+00   1.7845E-01
    1.3900E+02   9.9260E-01   1.1171E-01
    1.4000E+02   8.9719E-01   9.5921E-02
    1.4100E+02   9.5781E-01   1.0698E-01
    1.4200E+02   7.9767E-01   8.7983E-02
    1.4300E+02   8.5538E-01   1.1200E-01
    1.4400E+02   7.8613E-01   1.1290E-01
    1.4500E+02   7.1395E-01   1.3879E-01
    1.4600E+02   8.9369E-01   1.3392E-01
    1.4700E+02   6.1679E-01   1.5671E-01
    1.4800E+02   8.6490E-01   1.8555E-01
    1.4900E+02   8.1061E-01   2.2487E-01
    1.5000E+02   7.4456E-01   2.6545E-01
    1.5100E+02   9.0717E-01   2.1252E-01
    1.5200E+02   7.0111E-01   2.7509E-01
    1.5300E+02   9.1287E-01   3.8230E-01
