\cite{}
A : $N_\gamma$ : error
  81.  1.3215  1.4953
  82. -0.9957  1.1963
  83.  1.5221  0.972
  84.  2.2704  0.7973
  85.  1.9969  0.7226
  86.  2.5707  0.5483
  87.  2.6461  0.5233
  88.  2.5718  0.4238
  89.  3.0959  0.3988
  90.  3.1466  0.3736
  91.  3.1222  0.3987
  92.  3.1726  0.274
  93.  3.2481  0.274
  94.  3.3732  0.3489
  95.  3.5981  0.2244
  96.  3.8978  0.2742
  97.  3.6991  0.2241
  98.  3.0517  0.324
  99.  3.825  0.3239
  100.  3.8005  0.299
  101.  4.1253  0.274
  102.  4.1508  0.3488
  103.  4.9739  0.3987
  104.  5.2238  0.5231
  105.  4.975  0.4735
  106.  5.7732  0.5979
  107.  6.322  0.7727
  108.  4.5532  1.2212
  126.  1.8232  1.4702
  127. -0.2697  0.9966
  128.  0.0799  0.6729
  129.  1.0773  0.5981
  130.  0.5546  0.4735
  131.  0.7048  0.324
  132.  1.5276  0.3241
  133.  1.4038  0.3489
  134.  1.7284  0.3239
  135.  1.8037  0.2741
  136.  2.6768  0.2244
  137.  2.2286  0.3489
  138.  2.2044  0.3488
  139.  2.7034  0.2244
  140.  3.1027  0.2243
  141.  3.3776  0.274
  142.  3.5526  0.2492
  143.  3.7527  0.3487
  144.  3.8281  0.3488
  145.  3.8287  0.3987
  146.  4.3776  0.4984
  147.  4.2287  0.4485
  148.  4.2044  0.6477
  149.  4.5788  0.7726
  150.  4.4797  0.8721
  151.  5.0037  0.8723
  152.  7.297  1.3706
  153.  5.0547  1.5702
