# n+239Pu
# Incident Energy =    9.70000
# Particle spectrum from Pre-equilibrium emission from 240P
# num energy points =  138
#  E (MeV)               g               n               p
  0.000000   0.0000000E+00   0.0000000E+00   0.0000000E+00
  0.199167   0.0000000E+00   0.4055373E-01   0.6823149E-09
  0.398333   0.0000000E+00   0.7254678E-01   0.6213706E-09
  0.597500   0.0000000E+00   0.9101056E-01   0.5668879E-09
  0.796667   0.0000000E+00   0.1133235E+00   0.5181172E-09
  0.995833   0.0000000E+00   0.1447921E+00   0.4743951E-09
  1.195000   0.0000000E+00   0.1731278E+00   0.4351359E-09
  1.394167   0.0000000E+00   0.1883651E+00   0.3998225E-09
  1.593333   0.0000000E+00   0.1931103E+00   0.3679988E-09
  1.792500   0.0000000E+00   0.1914049E+00   0.3392633E-09
  1.991667   0.0000000E+00   0.1858455E+00   0.3132242E-09
  2.190833   0.0000000E+00   0.1787519E+00   0.2896178E-09
  2.390000   0.0000000E+00   0.1715835E+00   0.2773369E-09
  2.589167   0.0000000E+00   0.1651468E+00   0.3813868E-09
  2.788333   0.0000000E+00   0.1594437E+00   0.1251438E-08
  2.987500   0.0000000E+00   0.1542277E+00   0.6299861E-08
  3.186667   0.0000000E+00   0.1493518E+00   0.3060593E-07
  3.385833   0.0000000E+00   0.1447265E+00   0.1307659E-06
  3.585000   0.0000000E+00   0.1403336E+00   0.4893260E-06
  3.784167   0.0000000E+00   0.1361644E+00   0.1628940E-05
  3.983333   0.0000000E+00   0.1322365E+00   0.4897500E-05
  4.182500   0.0000000E+00   0.1285756E+00   0.1346659E-04
  4.381667   0.0000000E+00   0.1251799E+00   0.3427889E-04
  4.580833   0.0000000E+00   0.1220145E+00   0.8117119E-04
  4.780000   0.0000000E+00   0.1190560E+00   0.1797779E-03
  4.979167   0.0000000E+00   0.1163077E+00   0.3759139E-03
  5.178333   0.0000000E+00   0.1137356E+00   0.7447492E-03
  5.377500   0.0000000E+00   0.1112621E+00   0.1454469E-02
  5.576667   0.0000000E+00   0.1088300E+00   0.1302242E-01
  5.775833   0.0000000E+00   0.1063566E+00   0.1894722E-01
  5.975000   0.0000000E+00   0.1037249E+00   0.2659174E-01
  6.174167   0.0000000E+00   0.1008288E+00   0.3942341E-01
  6.373333   0.0000000E+00   0.9757326E-01   0.5639341E-01
  6.572500   0.0000000E+00   0.9387071E-01   0.8296867E-01
  6.771667   0.0000000E+00   0.8968690E-01   0.1090103E+00
  6.970833   0.0000000E+00   0.8498336E-01   0.1544221E+00
  7.170000   0.0000000E+00   0.7976656E-01   0.2137938E+00
  7.369167   0.0000000E+00   0.7409367E-01   0.2870777E+00
  7.568333   0.0000000E+00   0.6793546E-01   0.3696679E+00
  7.767500   0.0000000E+00   0.6132216E-01   0.4619467E+00
  7.966667   0.0000000E+00   0.5425734E-01   0.5569595E+00
  8.165833   0.0000000E+00   0.4669625E-01   0.6400952E+00
  8.365000   0.0000000E+00   0.3858658E-01   0.6965088E+00
  8.564167   0.0000000E+00   0.2987193E-01   0.6966667E+00
  8.763333   0.0000000E+00   0.2035825E-01   0.5945339E+00
  8.962500   0.0000000E+00   0.0000000E+00   0.0000000E+00
  9.161667   0.0000000E+00   0.0000000E+00   0.0000000E+00
  9.360833   0.0000000E+00   0.0000000E+00   0.0000000E+00
  9.560000   0.0000000E+00   0.0000000E+00   0.0000000E+00
  9.759167   0.0000000E+00   0.0000000E+00   0.0000000E+00
  9.958333   0.0000000E+00   0.0000000E+00   0.0000000E+00
 10.157500   0.0000000E+00   0.0000000E+00   0.0000000E+00
 10.356667   0.0000000E+00   0.0000000E+00   0.0000000E+00
 10.555833   0.0000000E+00   0.0000000E+00   0.0000000E+00
 10.755000   0.0000000E+00   0.0000000E+00   0.0000000E+00
 10.954167   0.0000000E+00   0.0000000E+00   0.0000000E+00
 11.153333   0.0000000E+00   0.0000000E+00   0.0000000E+00
 11.352500   0.0000000E+00   0.0000000E+00   0.0000000E+00
 11.551667   0.0000000E+00   0.0000000E+00   0.0000000E+00
 11.750833   0.0000000E+00   0.0000000E+00   0.0000000E+00
 11.950000   0.0000000E+00   0.0000000E+00   0.0000000E+00
 12.149167   0.0000000E+00   0.0000000E+00   0.0000000E+00
 12.348333   0.0000000E+00   0.0000000E+00   0.0000000E+00
 12.547500   0.0000000E+00   0.0000000E+00   0.0000000E+00
 12.746667   0.0000000E+00   0.0000000E+00   0.0000000E+00
 12.945833   0.0000000E+00   0.0000000E+00   0.0000000E+00
 13.145000   0.0000000E+00   0.0000000E+00   0.0000000E+00
 13.344167   0.0000000E+00   0.0000000E+00   0.0000000E+00
 13.543333   0.0000000E+00   0.0000000E+00   0.0000000E+00
 13.742500   0.0000000E+00   0.0000000E+00   0.0000000E+00
 13.941667   0.0000000E+00   0.0000000E+00   0.0000000E+00
 14.140833   0.0000000E+00   0.0000000E+00   0.0000000E+00
 14.340000   0.0000000E+00   0.0000000E+00   0.0000000E+00
 14.539167   0.0000000E+00   0.0000000E+00   0.0000000E+00
 14.738333   0.0000000E+00   0.0000000E+00   0.0000000E+00
 14.937500   0.0000000E+00   0.0000000E+00   0.0000000E+00
 15.136667   0.0000000E+00   0.0000000E+00   0.0000000E+00
 15.335833   0.0000000E+00   0.0000000E+00   0.0000000E+00
 15.535000   0.0000000E+00   0.0000000E+00   0.0000000E+00
 15.734167   0.0000000E+00   0.0000000E+00   0.0000000E+00
 15.933333   0.0000000E+00   0.0000000E+00   0.0000000E+00
 16.132500   0.0000000E+00   0.0000000E+00   0.0000000E+00
 16.331667   0.0000000E+00   0.0000000E+00   0.0000000E+00
 16.530833   0.0000000E+00   0.0000000E+00   0.0000000E+00
 16.730000   0.0000000E+00   0.0000000E+00   0.0000000E+00
 16.929167   0.0000000E+00   0.0000000E+00   0.0000000E+00
 17.128333   0.0000000E+00   0.0000000E+00   0.0000000E+00
 17.327500   0.0000000E+00   0.0000000E+00   0.0000000E+00
 17.526667   0.0000000E+00   0.0000000E+00   0.0000000E+00
 17.725833   0.0000000E+00   0.0000000E+00   0.0000000E+00
 17.925000   0.0000000E+00   0.0000000E+00   0.0000000E+00
 18.124167   0.0000000E+00   0.0000000E+00   0.0000000E+00
 18.323333   0.0000000E+00   0.0000000E+00   0.0000000E+00
 18.522500   0.0000000E+00   0.0000000E+00   0.0000000E+00
 18.721667   0.0000000E+00   0.0000000E+00   0.0000000E+00
 18.920833   0.0000000E+00   0.0000000E+00   0.0000000E+00
 19.120000   0.0000000E+00   0.0000000E+00   0.0000000E+00
 19.319167   0.0000000E+00   0.0000000E+00   0.0000000E+00
 19.518333   0.0000000E+00   0.0000000E+00   0.0000000E+00
 19.717500   0.0000000E+00   0.0000000E+00   0.0000000E+00
 19.916667   0.0000000E+00   0.0000000E+00   0.0000000E+00
 20.115833   0.0000000E+00   0.0000000E+00   0.0000000E+00
 20.315000   0.0000000E+00   0.0000000E+00   0.0000000E+00
 20.514167   0.0000000E+00   0.0000000E+00   0.0000000E+00
 20.713333   0.0000000E+00   0.0000000E+00   0.0000000E+00
 20.912500   0.0000000E+00   0.0000000E+00   0.0000000E+00
 21.111667   0.0000000E+00   0.0000000E+00   0.0000000E+00
 21.310833   0.0000000E+00   0.0000000E+00   0.0000000E+00
 21.510000   0.0000000E+00   0.0000000E+00   0.0000000E+00
 21.709167   0.0000000E+00   0.0000000E+00   0.0000000E+00
 21.908333   0.0000000E+00   0.0000000E+00   0.0000000E+00
 22.107500   0.0000000E+00   0.0000000E+00   0.0000000E+00
 22.306667   0.0000000E+00   0.0000000E+00   0.0000000E+00
 22.505833   0.0000000E+00   0.0000000E+00   0.0000000E+00
 22.705000   0.0000000E+00   0.0000000E+00   0.0000000E+00
 22.904167   0.0000000E+00   0.0000000E+00   0.0000000E+00
 23.103333   0.0000000E+00   0.0000000E+00   0.0000000E+00
 23.302500   0.0000000E+00   0.0000000E+00   0.0000000E+00
 23.501667   0.0000000E+00   0.0000000E+00   0.0000000E+00
 23.700833   0.0000000E+00   0.0000000E+00   0.0000000E+00
 23.900000   0.0000000E+00   0.0000000E+00   0.0000000E+00
 24.099167   0.0000000E+00   0.0000000E+00   0.0000000E+00
 24.298333   0.0000000E+00   0.0000000E+00   0.0000000E+00
 24.497500   0.0000000E+00   0.0000000E+00   0.0000000E+00
 24.696667   0.0000000E+00   0.0000000E+00   0.0000000E+00
 24.895833   0.0000000E+00   0.0000000E+00   0.0000000E+00
 25.095000   0.0000000E+00   0.0000000E+00   0.0000000E+00
 25.294167   0.0000000E+00   0.0000000E+00   0.0000000E+00
 25.493333   0.0000000E+00   0.0000000E+00   0.0000000E+00
 25.692500   0.0000000E+00   0.0000000E+00   0.0000000E+00
 25.891667   0.0000000E+00   0.0000000E+00   0.0000000E+00
 26.090833   0.0000000E+00   0.0000000E+00   0.0000000E+00
 26.290000   0.0000000E+00   0.0000000E+00   0.0000000E+00
 26.489167   0.0000000E+00   0.0000000E+00   0.0000000E+00
 26.688333   0.0000000E+00   0.0000000E+00   0.0000000E+00
 26.887500   0.0000000E+00   0.0000000E+00   0.0000000E+00
 27.086667   0.0000000E+00   0.0000000E+00   0.0000000E+00
 27.285833   0.0000000E+00   0.0000000E+00   0.0000000E+00
 27.485000   0.0000000E+00   0.0000000E+00   0.0000000E+00
