# n+239Pu
# Incident Energy =   14.90000
# Particle spectrum from Pre-equilibrium emission from 240P
# num energy points =  138
#  E (MeV)               g               n               p
  0.000000   0.0000000E+00   0.0000000E+00   0.0000000E+00
  0.199167   0.0000000E+00   0.2268319E-01   0.5362817E-11
  0.398333   0.0000000E+00   0.4144849E-01   0.4981278E-11
  0.597500   0.0000000E+00   0.5304909E-01   0.4629920E-11
  0.796667   0.0000000E+00   0.6731067E-01   0.4306319E-11
  0.995833   0.0000000E+00   0.8753449E-01   0.4008235E-11
  1.195000   0.0000000E+00   0.1064096E+00   0.3733598E-11
  1.394167   0.0000000E+00   0.1175779E+00   0.3480501E-11
  1.593333   0.0000000E+00   0.1222931E+00   0.3247182E-11
  1.792500   0.0000000E+00   0.1228610E+00   0.3032018E-11
  1.991667   0.0000000E+00   0.1208118E+00   0.2833172E-11
  2.190833   0.0000000E+00   0.1175923E+00   0.2649693E-11
  2.390000   0.0000000E+00   0.1141554E+00   0.2565102E-11
  2.589167   0.0000000E+00   0.1110580E+00   0.3564587E-11
  2.788333   0.0000000E+00   0.1083355E+00   0.1181593E-10
  2.987500   0.0000000E+00   0.1058489E+00   0.6007901E-10
  3.186667   0.0000000E+00   0.1035203E+00   0.2947797E-09
  3.385833   0.0000000E+00   0.1013071E+00   0.1272048E-08
  3.585000   0.0000000E+00   0.9921402E-01   0.4808324E-08
  3.784167   0.0000000E+00   0.9725143E-01   0.1617366E-07
  3.983333   0.0000000E+00   0.9544783E-01   0.4915430E-07
  4.182500   0.0000000E+00   0.9383797E-01   0.1366978E-06
  4.381667   0.0000000E+00   0.9243733E-01   0.3521597E-06
  4.580833   0.0000000E+00   0.9123716E-01   0.8446555E-06
  4.780000   0.0000000E+00   0.9023720E-01   0.1896716E-05
  4.979167   0.0000000E+00   0.8945973E-01   0.4025689E-05
  5.178333   0.0000000E+00   0.8889458E-01   0.8106425E-05
  5.377500   0.0000000E+00   0.8850550E-01   0.1611611E-04
  5.576667   0.0000000E+00   0.8826815E-01   0.1471511E-03
  5.775833   0.0000000E+00   0.8813739E-01   0.2187933E-03
  5.975000   0.0000000E+00   0.8803742E-01   0.3145551E-03
  6.174167   0.0000000E+00   0.8789682E-01   0.4790519E-03
  6.373333   0.0000000E+00   0.8764749E-01   0.7062546E-03
  6.572500   0.0000000E+00   0.8722130E-01   0.1075069E-02
  6.771667   0.0000000E+00   0.8659196E-01   0.1468210E-02
  6.970833   0.0000000E+00   0.8572819E-01   0.2174039E-02
  7.170000   0.0000000E+00   0.8462501E-01   0.3167661E-02
  7.369167   0.0000000E+00   0.8335281E-01   0.4514823E-02
  7.568333   0.0000000E+00   0.8188675E-01   0.6238438E-02
  7.767500   0.0000000E+00   0.8027558E-01   0.8485485E-02
  7.966667   0.0000000E+00   0.7855646E-01   0.1135427E-01
  8.165833   0.0000000E+00   0.7672434E-01   0.1488909E-01
  8.365000   0.0000000E+00   0.7483766E-01   0.1929319E-01
  8.564167   0.0000000E+00   0.7289716E-01   0.2467972E-01
  8.763333   0.0000000E+00   0.7091011E-01   0.3118239E-01
  8.962500   0.0000000E+00   0.6890215E-01   0.3886795E-01
  9.161667   0.0000000E+00   0.6687238E-01   0.4784268E-01
  9.360833   0.0000000E+00   0.6482720E-01   0.5818306E-01
  9.560000   0.0000000E+00   0.6278197E-01   0.6998944E-01
  9.759167   0.0000000E+00   0.6073133E-01   0.8328921E-01
  9.958333   0.0000000E+00   0.5867385E-01   0.9808648E-01
 10.157500   0.0000000E+00   0.5660833E-01   0.1142925E+00
 10.356667   0.0000000E+00   0.5452914E-01   0.1317785E+00
 10.555833   0.0000000E+00   0.5243005E-01   0.1504328E+00
 10.755000   0.0000000E+00   0.5030562E-01   0.1700408E+00
 10.954167   0.0000000E+00   0.4814846E-01   0.1899371E+00
 11.153333   0.0000000E+00   0.4595103E-01   0.2099250E+00
 11.352500   0.0000000E+00   0.4370686E-01   0.2295576E+00
 11.551667   0.0000000E+00   0.4141107E-01   0.2481999E+00
 11.750833   0.0000000E+00   0.3906013E-01   0.2648687E+00
 11.950000   0.0000000E+00   0.3664580E-01   0.2791773E+00
 12.149167   0.0000000E+00   0.3416222E-01   0.2904519E+00
 12.348333   0.0000000E+00   0.3160720E-01   0.2978980E+00
 12.547500   0.0000000E+00   0.2898082E-01   0.3004181E+00
 12.746667   0.0000000E+00   0.2626981E-01   0.2975260E+00
 12.945833   0.0000000E+00   0.2346530E-01   0.2884743E+00
 13.145000   0.0000000E+00   0.2055588E-01   0.2724970E+00
 13.344167   0.0000000E+00   0.1753519E-01   0.2486978E+00
 13.543333   0.0000000E+00   0.1436811E-01   0.2161442E+00
 13.742500   0.0000000E+00   0.1102696E-01   0.1738181E+00
 13.941667   0.0000000E+00   0.7449446E-02   0.1201064E+00
 14.140833   0.0000000E+00   0.0000000E+00   0.0000000E+00
 14.340000   0.0000000E+00   0.0000000E+00   0.0000000E+00
 14.539167   0.0000000E+00   0.0000000E+00   0.0000000E+00
 14.738333   0.0000000E+00   0.0000000E+00   0.0000000E+00
 14.937500   0.0000000E+00   0.0000000E+00   0.0000000E+00
 15.136667   0.0000000E+00   0.0000000E+00   0.0000000E+00
 15.335833   0.0000000E+00   0.0000000E+00   0.0000000E+00
 15.535000   0.0000000E+00   0.0000000E+00   0.0000000E+00
 15.734167   0.0000000E+00   0.0000000E+00   0.0000000E+00
 15.933333   0.0000000E+00   0.0000000E+00   0.0000000E+00
 16.132500   0.0000000E+00   0.0000000E+00   0.0000000E+00
 16.331667   0.0000000E+00   0.0000000E+00   0.0000000E+00
 16.530833   0.0000000E+00   0.0000000E+00   0.0000000E+00
 16.730000   0.0000000E+00   0.0000000E+00   0.0000000E+00
 16.929167   0.0000000E+00   0.0000000E+00   0.0000000E+00
 17.128333   0.0000000E+00   0.0000000E+00   0.0000000E+00
 17.327500   0.0000000E+00   0.0000000E+00   0.0000000E+00
 17.526667   0.0000000E+00   0.0000000E+00   0.0000000E+00
 17.725833   0.0000000E+00   0.0000000E+00   0.0000000E+00
 17.925000   0.0000000E+00   0.0000000E+00   0.0000000E+00
 18.124167   0.0000000E+00   0.0000000E+00   0.0000000E+00
 18.323333   0.0000000E+00   0.0000000E+00   0.0000000E+00
 18.522500   0.0000000E+00   0.0000000E+00   0.0000000E+00
 18.721667   0.0000000E+00   0.0000000E+00   0.0000000E+00
 18.920833   0.0000000E+00   0.0000000E+00   0.0000000E+00
 19.120000   0.0000000E+00   0.0000000E+00   0.0000000E+00
 19.319167   0.0000000E+00   0.0000000E+00   0.0000000E+00
 19.518333   0.0000000E+00   0.0000000E+00   0.0000000E+00
 19.717500   0.0000000E+00   0.0000000E+00   0.0000000E+00
 19.916667   0.0000000E+00   0.0000000E+00   0.0000000E+00
 20.115833   0.0000000E+00   0.0000000E+00   0.0000000E+00
 20.315000   0.0000000E+00   0.0000000E+00   0.0000000E+00
 20.514167   0.0000000E+00   0.0000000E+00   0.0000000E+00
 20.713333   0.0000000E+00   0.0000000E+00   0.0000000E+00
 20.912500   0.0000000E+00   0.0000000E+00   0.0000000E+00
 21.111667   0.0000000E+00   0.0000000E+00   0.0000000E+00
 21.310833   0.0000000E+00   0.0000000E+00   0.0000000E+00
 21.510000   0.0000000E+00   0.0000000E+00   0.0000000E+00
 21.709167   0.0000000E+00   0.0000000E+00   0.0000000E+00
 21.908333   0.0000000E+00   0.0000000E+00   0.0000000E+00
 22.107500   0.0000000E+00   0.0000000E+00   0.0000000E+00
 22.306667   0.0000000E+00   0.0000000E+00   0.0000000E+00
 22.505833   0.0000000E+00   0.0000000E+00   0.0000000E+00
 22.705000   0.0000000E+00   0.0000000E+00   0.0000000E+00
 22.904167   0.0000000E+00   0.0000000E+00   0.0000000E+00
 23.103333   0.0000000E+00   0.0000000E+00   0.0000000E+00
 23.302500   0.0000000E+00   0.0000000E+00   0.0000000E+00
 23.501667   0.0000000E+00   0.0000000E+00   0.0000000E+00
 23.700833   0.0000000E+00   0.0000000E+00   0.0000000E+00
 23.900000   0.0000000E+00   0.0000000E+00   0.0000000E+00
 24.099167   0.0000000E+00   0.0000000E+00   0.0000000E+00
 24.298333   0.0000000E+00   0.0000000E+00   0.0000000E+00
 24.497500   0.0000000E+00   0.0000000E+00   0.0000000E+00
 24.696667   0.0000000E+00   0.0000000E+00   0.0000000E+00
 24.895833   0.0000000E+00   0.0000000E+00   0.0000000E+00
 25.095000   0.0000000E+00   0.0000000E+00   0.0000000E+00
 25.294167   0.0000000E+00   0.0000000E+00   0.0000000E+00
 25.493333   0.0000000E+00   0.0000000E+00   0.0000000E+00
 25.692500   0.0000000E+00   0.0000000E+00   0.0000000E+00
 25.891667   0.0000000E+00   0.0000000E+00   0.0000000E+00
 26.090833   0.0000000E+00   0.0000000E+00   0.0000000E+00
 26.290000   0.0000000E+00   0.0000000E+00   0.0000000E+00
 26.489167   0.0000000E+00   0.0000000E+00   0.0000000E+00
 26.688333   0.0000000E+00   0.0000000E+00   0.0000000E+00
 26.887500   0.0000000E+00   0.0000000E+00   0.0000000E+00
 27.086667   0.0000000E+00   0.0000000E+00   0.0000000E+00
 27.285833   0.0000000E+00   0.0000000E+00   0.0000000E+00
 27.485000   0.0000000E+00   0.0000000E+00   0.0000000E+00
