# n+239Pu
# Incident Energy =   12.50000
# Particle spectrum from Pre-equilibrium emission from 240P
# num energy points =  138
#  E (MeV)               g               n               p
  0.000000   0.0000000E+00   0.0000000E+00   0.0000000E+00
  0.199167   0.0000000E+00   0.2909632E-01   0.2906933E-10
  0.398333   0.0000000E+00   0.5267709E-01   0.2676342E-10
  0.597500   0.0000000E+00   0.6682515E-01   0.2466627E-10
  0.796667   0.0000000E+00   0.8407539E-01   0.2275822E-10
  0.995833   0.0000000E+00   0.1084586E+00   0.2102134E-10
  1.195000   0.0000000E+00   0.1308406E+00   0.1943939E-10
  1.394167   0.0000000E+00   0.1435297E+00   0.1799759E-10
  1.593333   0.0000000E+00   0.1482678E+00   0.1668256E-10
  1.792500   0.0000000E+00   0.1479990E+00   0.1548215E-10
  1.991667   0.0000000E+00   0.1446501E+00   0.1438365E-10
  2.190833   0.0000000E+00   0.1399941E+00   0.1337928E-10
  2.390000   0.0000000E+00   0.1351753E+00   0.1288597E-10
  2.589167   0.0000000E+00   0.1308454E+00   0.1782053E-10
  2.788333   0.0000000E+00   0.1270320E+00   0.5880163E-10
  2.987500   0.0000000E+00   0.1235591E+00   0.2976818E-09
  3.186667   0.0000000E+00   0.1203257E+00   0.1454517E-08
  3.385833   0.0000000E+00   0.1172737E+00   0.6251530E-08
  3.585000   0.0000000E+00   0.1144008E+00   0.2353921E-07
  3.784167   0.0000000E+00   0.1117114E+00   0.7887884E-07
  3.983333   0.0000000E+00   0.1092312E+00   0.2388308E-06
  4.182500   0.0000000E+00   0.1069927E+00   0.6617192E-06
  4.381667   0.0000000E+00   0.1050065E+00   0.1698343E-05
  4.580833   0.0000000E+00   0.1032557E+00   0.4058007E-05
  4.780000   0.0000000E+00   0.1017334E+00   0.9076950E-05
  4.979167   0.0000000E+00   0.1004581E+00   0.1918770E-04
  5.178333   0.0000000E+00   0.9941151E-01   0.3847516E-04
  5.377500   0.0000000E+00   0.9854681E-01   0.7615273E-04
  5.576667   0.0000000E+00   0.9783028E-01   0.6920708E-03
  5.775833   0.0000000E+00   0.9720595E-01   0.1023886E-02
  5.975000   0.0000000E+00   0.9658493E-01   0.1464180E-02
  6.174167   0.0000000E+00   0.9588463E-01   0.2217118E-02
  6.373333   0.0000000E+00   0.9502775E-01   0.3248493E-02
  6.572500   0.0000000E+00   0.9393884E-01   0.4911938E-02
  6.771667   0.0000000E+00   0.9258938E-01   0.6659708E-02
  6.970833   0.0000000E+00   0.9094683E-01   0.9783838E-02
  7.170000   0.0000000E+00   0.8900795E-01   0.1413338E-01
  7.369167   0.0000000E+00   0.8684898E-01   0.1995564E-01
  7.568333   0.0000000E+00   0.8444577E-01   0.2729143E-01
  7.767500   0.0000000E+00   0.8185040E-01   0.3670371E-01
  7.966667   0.0000000E+00   0.7910338E-01   0.4850347E-01
  8.165833   0.0000000E+00   0.7619957E-01   0.6273234E-01
  8.365000   0.0000000E+00   0.7319765E-01   0.8005379E-01
  8.564167   0.0000000E+00   0.7009738E-01   0.1006743E+00
  8.763333   0.0000000E+00   0.6690460E-01   0.1248000E+00
  8.962500   0.0000000E+00   0.6364143E-01   0.1522660E+00
  9.161667   0.0000000E+00   0.6030360E-01   0.1829490E+00
  9.360833   0.0000000E+00   0.5689274E-01   0.2164627E+00
  9.560000   0.0000000E+00   0.5341662E-01   0.2523295E+00
  9.759167   0.0000000E+00   0.4986203E-01   0.2895774E+00
  9.958333   0.0000000E+00   0.4622140E-01   0.3269107E+00
 10.157500   0.0000000E+00   0.4248055E-01   0.3623986E+00
 10.356667   0.0000000E+00   0.3862128E-01   0.3936460E+00
 10.555833   0.0000000E+00   0.3462214E-01   0.4178630E+00
 10.755000   0.0000000E+00   0.3045723E-01   0.4313802E+00
 10.954167   0.0000000E+00   0.2609227E-01   0.4287561E+00
 11.153333   0.0000000E+00   0.2147349E-01   0.4048459E+00
 11.352500   0.0000000E+00   0.1655761E-01   0.3529342E+00
 11.551667   0.0000000E+00   0.1124059E-01   0.2636023E+00
 11.750833   0.0000000E+00   0.0000000E+00   0.0000000E+00
 11.950000   0.0000000E+00   0.0000000E+00   0.0000000E+00
 12.149167   0.0000000E+00   0.0000000E+00   0.0000000E+00
 12.348333   0.0000000E+00   0.0000000E+00   0.0000000E+00
 12.547500   0.0000000E+00   0.0000000E+00   0.0000000E+00
 12.746667   0.0000000E+00   0.0000000E+00   0.0000000E+00
 12.945833   0.0000000E+00   0.0000000E+00   0.0000000E+00
 13.145000   0.0000000E+00   0.0000000E+00   0.0000000E+00
 13.344167   0.0000000E+00   0.0000000E+00   0.0000000E+00
 13.543333   0.0000000E+00   0.0000000E+00   0.0000000E+00
 13.742500   0.0000000E+00   0.0000000E+00   0.0000000E+00
 13.941667   0.0000000E+00   0.0000000E+00   0.0000000E+00
 14.140833   0.0000000E+00   0.0000000E+00   0.0000000E+00
 14.340000   0.0000000E+00   0.0000000E+00   0.0000000E+00
 14.539167   0.0000000E+00   0.0000000E+00   0.0000000E+00
 14.738333   0.0000000E+00   0.0000000E+00   0.0000000E+00
 14.937500   0.0000000E+00   0.0000000E+00   0.0000000E+00
 15.136667   0.0000000E+00   0.0000000E+00   0.0000000E+00
 15.335833   0.0000000E+00   0.0000000E+00   0.0000000E+00
 15.535000   0.0000000E+00   0.0000000E+00   0.0000000E+00
 15.734167   0.0000000E+00   0.0000000E+00   0.0000000E+00
 15.933333   0.0000000E+00   0.0000000E+00   0.0000000E+00
 16.132500   0.0000000E+00   0.0000000E+00   0.0000000E+00
 16.331667   0.0000000E+00   0.0000000E+00   0.0000000E+00
 16.530833   0.0000000E+00   0.0000000E+00   0.0000000E+00
 16.730000   0.0000000E+00   0.0000000E+00   0.0000000E+00
 16.929167   0.0000000E+00   0.0000000E+00   0.0000000E+00
 17.128333   0.0000000E+00   0.0000000E+00   0.0000000E+00
 17.327500   0.0000000E+00   0.0000000E+00   0.0000000E+00
 17.526667   0.0000000E+00   0.0000000E+00   0.0000000E+00
 17.725833   0.0000000E+00   0.0000000E+00   0.0000000E+00
 17.925000   0.0000000E+00   0.0000000E+00   0.0000000E+00
 18.124167   0.0000000E+00   0.0000000E+00   0.0000000E+00
 18.323333   0.0000000E+00   0.0000000E+00   0.0000000E+00
 18.522500   0.0000000E+00   0.0000000E+00   0.0000000E+00
 18.721667   0.0000000E+00   0.0000000E+00   0.0000000E+00
 18.920833   0.0000000E+00   0.0000000E+00   0.0000000E+00
 19.120000   0.0000000E+00   0.0000000E+00   0.0000000E+00
 19.319167   0.0000000E+00   0.0000000E+00   0.0000000E+00
 19.518333   0.0000000E+00   0.0000000E+00   0.0000000E+00
 19.717500   0.0000000E+00   0.0000000E+00   0.0000000E+00
 19.916667   0.0000000E+00   0.0000000E+00   0.0000000E+00
 20.115833   0.0000000E+00   0.0000000E+00   0.0000000E+00
 20.315000   0.0000000E+00   0.0000000E+00   0.0000000E+00
 20.514167   0.0000000E+00   0.0000000E+00   0.0000000E+00
 20.713333   0.0000000E+00   0.0000000E+00   0.0000000E+00
 20.912500   0.0000000E+00   0.0000000E+00   0.0000000E+00
 21.111667   0.0000000E+00   0.0000000E+00   0.0000000E+00
 21.310833   0.0000000E+00   0.0000000E+00   0.0000000E+00
 21.510000   0.0000000E+00   0.0000000E+00   0.0000000E+00
 21.709167   0.0000000E+00   0.0000000E+00   0.0000000E+00
 21.908333   0.0000000E+00   0.0000000E+00   0.0000000E+00
 22.107500   0.0000000E+00   0.0000000E+00   0.0000000E+00
 22.306667   0.0000000E+00   0.0000000E+00   0.0000000E+00
 22.505833   0.0000000E+00   0.0000000E+00   0.0000000E+00
 22.705000   0.0000000E+00   0.0000000E+00   0.0000000E+00
 22.904167   0.0000000E+00   0.0000000E+00   0.0000000E+00
 23.103333   0.0000000E+00   0.0000000E+00   0.0000000E+00
 23.302500   0.0000000E+00   0.0000000E+00   0.0000000E+00
 23.501667   0.0000000E+00   0.0000000E+00   0.0000000E+00
 23.700833   0.0000000E+00   0.0000000E+00   0.0000000E+00
 23.900000   0.0000000E+00   0.0000000E+00   0.0000000E+00
 24.099167   0.0000000E+00   0.0000000E+00   0.0000000E+00
 24.298333   0.0000000E+00   0.0000000E+00   0.0000000E+00
 24.497500   0.0000000E+00   0.0000000E+00   0.0000000E+00
 24.696667   0.0000000E+00   0.0000000E+00   0.0000000E+00
 24.895833   0.0000000E+00   0.0000000E+00   0.0000000E+00
 25.095000   0.0000000E+00   0.0000000E+00   0.0000000E+00
 25.294167   0.0000000E+00   0.0000000E+00   0.0000000E+00
 25.493333   0.0000000E+00   0.0000000E+00   0.0000000E+00
 25.692500   0.0000000E+00   0.0000000E+00   0.0000000E+00
 25.891667   0.0000000E+00   0.0000000E+00   0.0000000E+00
 26.090833   0.0000000E+00   0.0000000E+00   0.0000000E+00
 26.290000   0.0000000E+00   0.0000000E+00   0.0000000E+00
 26.489167   0.0000000E+00   0.0000000E+00   0.0000000E+00
 26.688333   0.0000000E+00   0.0000000E+00   0.0000000E+00
 26.887500   0.0000000E+00   0.0000000E+00   0.0000000E+00
 27.086667   0.0000000E+00   0.0000000E+00   0.0000000E+00
 27.285833   0.0000000E+00   0.0000000E+00   0.0000000E+00
 27.485000   0.0000000E+00   0.0000000E+00   0.0000000E+00
