# n+239Pu
# Incident Energy =   19.70000
# Particle spectrum from Pre-equilibrium emission from 240P
# num energy points =  138
#  E (MeV)               g               n               p
  0.000000   0.0000000E+00   0.0000000E+00   0.0000000E+00
  0.199167   0.0000000E+00   0.1470153E-01   0.8114730E-12
  0.398333   0.0000000E+00   0.2725759E-01   0.7646349E-12
  0.597500   0.0000000E+00   0.3538511E-01   0.7207048E-12
  0.796667   0.0000000E+00   0.4552253E-01   0.6795046E-12
  0.995833   0.0000000E+00   0.5999991E-01   0.6408660E-12
  1.195000   0.0000000E+00   0.7389310E-01   0.6046306E-12
  1.394167   0.0000000E+00   0.8268340E-01   0.5706489E-12
  1.593333   0.0000000E+00   0.8705177E-01   0.5387801E-12
  1.792500   0.0000000E+00   0.8848779E-01   0.5088919E-12
  1.991667   0.0000000E+00   0.8799958E-01   0.4808013E-12
  2.190833   0.0000000E+00   0.8658837E-01   0.4544618E-12
  2.390000   0.0000000E+00   0.8493657E-01   0.4444545E-12
  2.589167   0.0000000E+00   0.8345948E-01   0.6236877E-12
  2.788333   0.0000000E+00   0.8219342E-01   0.2086793E-11
  2.987500   0.0000000E+00   0.8104205E-01   0.1070560E-10
  3.186667   0.0000000E+00   0.7995220E-01   0.5297759E-10
  3.385833   0.0000000E+00   0.7889610E-01   0.2304845E-09
  3.585000   0.0000000E+00   0.7788209E-01   0.8780526E-09
  3.784167   0.0000000E+00   0.7692306E-01   0.2975629E-08
  3.983333   0.0000000E+00   0.7604667E-01   0.9108377E-08
  4.182500   0.0000000E+00   0.7528616E-01   0.2550508E-07
  4.381667   0.0000000E+00   0.7465991E-01   0.6614226E-07
  4.580833   0.0000000E+00   0.7416679E-01   0.1596594E-06
  4.780000   0.0000000E+00   0.7381233E-01   0.3607510E-06
  4.979167   0.0000000E+00   0.7362051E-01   0.7703085E-06
  5.178333   0.0000000E+00   0.7358881E-01   0.1560328E-05
  5.377500   0.0000000E+00   0.7369275E-01   0.3120087E-05
  5.576667   0.0000000E+00   0.7391715E-01   0.2865252E-04
  5.775833   0.0000000E+00   0.7422890E-01   0.4284643E-04
  5.975000   0.0000000E+00   0.7456814E-01   0.6195304E-04
  6.174167   0.0000000E+00   0.7487738E-01   0.9489730E-04
  6.373333   0.0000000E+00   0.7510069E-01   0.1407259E-03
  6.572500   0.0000000E+00   0.7518079E-01   0.2154981E-03
  6.771667   0.0000000E+00   0.7509524E-01   0.2961143E-03
  6.970833   0.0000000E+00   0.7481657E-01   0.4412549E-03
  7.170000   0.0000000E+00   0.7433945E-01   0.6471674E-03
  7.369167   0.0000000E+00   0.7372482E-01   0.9287469E-03
  7.568333   0.0000000E+00   0.7295015E-01   0.1292568E-02
  7.767500   0.0000000E+00   0.7205785E-01   0.1771483E-02
  7.966667   0.0000000E+00   0.7108098E-01   0.2389382E-02
  8.165833   0.0000000E+00   0.7001470E-01   0.3159849E-02
  8.365000   0.0000000E+00   0.6891214E-01   0.4131458E-02
  8.564167   0.0000000E+00   0.6777452E-01   0.5335758E-02
  8.763333   0.0000000E+00   0.6660904E-01   0.6810911E-02
  8.962500   0.0000000E+00   0.6544045E-01   0.8583055E-02
  9.161667   0.0000000E+00   0.6426903E-01   0.1068978E-01
  9.360833   0.0000000E+00   0.6310215E-01   0.1316556E-01
  9.560000   0.0000000E+00   0.6195633E-01   0.1605439E-01
  9.759167   0.0000000E+00   0.6082841E-01   0.1938859E-01
  9.958333   0.0000000E+00   0.5971913E-01   0.2320037E-01
 10.157500   0.0000000E+00   0.5862982E-01   0.2750600E-01
 10.356667   0.0000000E+00   0.5755697E-01   0.3231812E-01
 10.555833   0.0000000E+00   0.5649707E-01   0.3766071E-01
 10.755000   0.0000000E+00   0.5544717E-01   0.4354073E-01
 10.954167   0.0000000E+00   0.5440214E-01   0.4985624E-01
 11.153333   0.0000000E+00   0.5335653E-01   0.5663074E-01
 11.352500   0.0000000E+00   0.5230601E-01   0.6383224E-01
 11.551667   0.0000000E+00   0.5124804E-01   0.7138407E-01
 11.750833   0.0000000E+00   0.5018203E-01   0.7911009E-01
 11.950000   0.0000000E+00   0.4910165E-01   0.8700819E-01
 12.149167   0.0000000E+00   0.4800411E-01   0.9500205E-01
 12.348333   0.0000000E+00   0.4689051E-01   0.1029786E+00
 12.547500   0.0000000E+00   0.4577019E-01   0.1107171E+00
 12.746667   0.0000000E+00   0.4463339E-01   0.1182054E+00
 12.945833   0.0000000E+00   0.4347910E-01   0.1253536E+00
 13.145000   0.0000000E+00   0.4230675E-01   0.1320813E+00
 13.344167   0.0000000E+00   0.4113758E-01   0.1382752E+00
 13.543333   0.0000000E+00   0.3995985E-01   0.1438765E+00
 13.742500   0.0000000E+00   0.3877131E-01   0.1488276E+00
 13.941667   0.0000000E+00   0.3757177E-01   0.1530793E+00
 14.140833   0.0000000E+00   0.3636515E-01   0.1566412E+00
 14.340000   0.0000000E+00   0.3516129E-01   0.1595991E+00
 14.539167   0.0000000E+00   0.3395062E-01   0.1618196E+00
 14.738333   0.0000000E+00   0.3273249E-01   0.1632805E+00
 14.937500   0.0000000E+00   0.3150620E-01   0.1639684E+00
 15.136667   0.0000000E+00   0.3027275E-01   0.1639555E+00
 15.335833   0.0000000E+00   0.2903405E-01   0.1633769E+00
 15.535000   0.0000000E+00   0.2778539E-01   0.1620691E+00
 15.734167   0.0000000E+00   0.2652524E-01   0.1600200E+00
 15.933333   0.0000000E+00   0.2525191E-01   0.1572198E+00
 16.132500   0.0000000E+00   0.2396353E-01   0.1536619E+00
 16.331667   0.0000000E+00   0.2265491E-01   0.1495263E+00
 16.530833   0.0000000E+00   0.2132550E-01   0.1446388E+00
 16.730000   0.0000000E+00   0.1997265E-01   0.1389757E+00
 16.929167   0.0000000E+00   0.1859331E-01   0.1325123E+00
 17.128333   0.0000000E+00   0.1718424E-01   0.1252241E+00
 17.327500   0.0000000E+00   0.1573992E-01   0.1171152E+00
 17.526667   0.0000000E+00   0.1425348E-01   0.1081879E+00
 17.725833   0.0000000E+00   0.1272188E-01   0.9832375E-01
 17.925000   0.0000000E+00   0.1113812E-01   0.8745534E-01
 18.124167   0.0000000E+00   0.9492873E-02   0.7549618E-01
 18.323333   0.0000000E+00   0.7771702E-02   0.6232231E-01
 18.522500   0.0000000E+00   0.5958098E-02   0.4778875E-01
 18.721667   0.0000000E+00   0.4019628E-02   0.3162111E-01
 18.920833   0.0000000E+00   0.0000000E+00   0.0000000E+00
 19.120000   0.0000000E+00   0.0000000E+00   0.0000000E+00
 19.319167   0.0000000E+00   0.0000000E+00   0.0000000E+00
 19.518333   0.0000000E+00   0.0000000E+00   0.0000000E+00
 19.717500   0.0000000E+00   0.0000000E+00   0.0000000E+00
 19.916667   0.0000000E+00   0.0000000E+00   0.0000000E+00
 20.115833   0.0000000E+00   0.0000000E+00   0.0000000E+00
 20.315000   0.0000000E+00   0.0000000E+00   0.0000000E+00
 20.514167   0.0000000E+00   0.0000000E+00   0.0000000E+00
 20.713333   0.0000000E+00   0.0000000E+00   0.0000000E+00
 20.912500   0.0000000E+00   0.0000000E+00   0.0000000E+00
 21.111667   0.0000000E+00   0.0000000E+00   0.0000000E+00
 21.310833   0.0000000E+00   0.0000000E+00   0.0000000E+00
 21.510000   0.0000000E+00   0.0000000E+00   0.0000000E+00
 21.709167   0.0000000E+00   0.0000000E+00   0.0000000E+00
 21.908333   0.0000000E+00   0.0000000E+00   0.0000000E+00
 22.107500   0.0000000E+00   0.0000000E+00   0.0000000E+00
 22.306667   0.0000000E+00   0.0000000E+00   0.0000000E+00
 22.505833   0.0000000E+00   0.0000000E+00   0.0000000E+00
 22.705000   0.0000000E+00   0.0000000E+00   0.0000000E+00
 22.904167   0.0000000E+00   0.0000000E+00   0.0000000E+00
 23.103333   0.0000000E+00   0.0000000E+00   0.0000000E+00
 23.302500   0.0000000E+00   0.0000000E+00   0.0000000E+00
 23.501667   0.0000000E+00   0.0000000E+00   0.0000000E+00
 23.700833   0.0000000E+00   0.0000000E+00   0.0000000E+00
 23.900000   0.0000000E+00   0.0000000E+00   0.0000000E+00
 24.099167   0.0000000E+00   0.0000000E+00   0.0000000E+00
 24.298333   0.0000000E+00   0.0000000E+00   0.0000000E+00
 24.497500   0.0000000E+00   0.0000000E+00   0.0000000E+00
 24.696667   0.0000000E+00   0.0000000E+00   0.0000000E+00
 24.895833   0.0000000E+00   0.0000000E+00   0.0000000E+00
 25.095000   0.0000000E+00   0.0000000E+00   0.0000000E+00
 25.294167   0.0000000E+00   0.0000000E+00   0.0000000E+00
 25.493333   0.0000000E+00   0.0000000E+00   0.0000000E+00
 25.692500   0.0000000E+00   0.0000000E+00   0.0000000E+00
 25.891667   0.0000000E+00   0.0000000E+00   0.0000000E+00
 26.090833   0.0000000E+00   0.0000000E+00   0.0000000E+00
 26.290000   0.0000000E+00   0.0000000E+00   0.0000000E+00
 26.489167   0.0000000E+00   0.0000000E+00   0.0000000E+00
 26.688333   0.0000000E+00   0.0000000E+00   0.0000000E+00
 26.887500   0.0000000E+00   0.0000000E+00   0.0000000E+00
 27.086667   0.0000000E+00   0.0000000E+00   0.0000000E+00
 27.285833   0.0000000E+00   0.0000000E+00   0.0000000E+00
 27.485000   0.0000000E+00   0.0000000E+00   0.0000000E+00
