# n+239Pu
# Incident Energy =   10.50000
# Particle spectrum from Pre-equilibrium emission from 240P
# num energy points =  138
#  E (MeV)               g               n               p
  0.000000   0.0000000E+00   0.0000000E+00   0.0000000E+00
  0.199167   0.0000000E+00   0.3666047E-01   0.2336993E-09
  0.398333   0.0000000E+00   0.6580911E-01   0.2134823E-09
  0.597500   0.0000000E+00   0.8282082E-01   0.1953172E-09
  0.796667   0.0000000E+00   0.1034267E+00   0.1789799E-09
  0.995833   0.0000000E+00   0.1324997E+00   0.1642705E-09
  1.195000   0.0000000E+00   0.1588166E+00   0.1510105E-09
  1.394167   0.0000000E+00   0.1731813E+00   0.1390412E-09
  1.593333   0.0000000E+00   0.1779108E+00   0.1282213E-09
  1.792500   0.0000000E+00   0.1766785E+00   0.1184251E-09
  1.991667   0.0000000E+00   0.1718573E+00   0.1095276E-09
  2.190833   0.0000000E+00   0.1655840E+00   0.1014464E-09
  2.390000   0.0000000E+00   0.1592126E+00   0.9730978E-10
  2.589167   0.0000000E+00   0.1534968E+00   0.1340478E-09
  2.788333   0.0000000E+00   0.1484497E+00   0.4406260E-09
  2.987500   0.0000000E+00   0.1438487E+00   0.2222255E-08
  3.186667   0.0000000E+00   0.1395621E+00   0.1081728E-07
  3.385833   0.0000000E+00   0.1355121E+00   0.4631444E-07
  3.585000   0.0000000E+00   0.1316843E+00   0.1737012E-06
  3.784167   0.0000000E+00   0.1280751E+00   0.5796677E-06
  3.983333   0.0000000E+00   0.1247053E+00   0.1747511E-05
  4.182500   0.0000000E+00   0.1216036E+00   0.4819413E-05
  4.381667   0.0000000E+00   0.1187730E+00   0.1230812E-04
  4.580833   0.0000000E+00   0.1161856E+00   0.2925192E-04
  4.780000   0.0000000E+00   0.1138247E+00   0.6505166E-04
  4.979167   0.0000000E+00   0.1117015E+00   0.1366437E-03
  5.178333   0.0000000E+00   0.1097855E+00   0.2721033E-03
  5.377500   0.0000000E+00   0.1080138E+00   0.5344750E-03
  5.576667   0.0000000E+00   0.1063391E+00   0.4816606E-02
  5.775833   0.0000000E+00   0.1046879E+00   0.7059986E-02
  5.975000   0.0000000E+00   0.1029576E+00   0.9992273E-02
  6.174167   0.0000000E+00   0.1010485E+00   0.1495792E-01
  6.373333   0.0000000E+00   0.9887279E-01   0.2163673E-01
  6.572500   0.0000000E+00   0.9634788E-01   0.3224877E-01
  6.771667   0.0000000E+00   0.9344322E-01   0.4302075E-01
  6.970833   0.0000000E+00   0.9012648E-01   0.6205395E-01
  7.170000   0.0000000E+00   0.8639699E-01   0.8779064E-01
  7.369167   0.0000000E+00   0.8233086E-01   0.1210317E+00
  7.568333   0.0000000E+00   0.7790527E-01   0.1610292E+00
  7.767500   0.0000000E+00   0.7316651E-01   0.2097373E+00
  7.966667   0.0000000E+00   0.6815293E-01   0.2669411E+00
  8.165833   0.0000000E+00   0.6284858E-01   0.3301545E+00
  8.365000   0.0000000E+00   0.5729142E-01   0.3991825E+00
  8.564167   0.0000000E+00   0.5146195E-01   0.4697704E+00
  8.763333   0.0000000E+00   0.4533751E-01   0.5356325E+00
  8.962500   0.0000000E+00   0.3889289E-01   0.5861345E+00
  9.161667   0.0000000E+00   0.3204735E-01   0.6070288E+00
  9.360833   0.0000000E+00   0.2474891E-01   0.5784612E+00
  9.560000   0.0000000E+00   0.1683629E-01   0.4711820E+00
  9.759167   0.0000000E+00   0.0000000E+00   0.0000000E+00
  9.958333   0.0000000E+00   0.0000000E+00   0.0000000E+00
 10.157500   0.0000000E+00   0.0000000E+00   0.0000000E+00
 10.356667   0.0000000E+00   0.0000000E+00   0.0000000E+00
 10.555833   0.0000000E+00   0.0000000E+00   0.0000000E+00
 10.755000   0.0000000E+00   0.0000000E+00   0.0000000E+00
 10.954167   0.0000000E+00   0.0000000E+00   0.0000000E+00
 11.153333   0.0000000E+00   0.0000000E+00   0.0000000E+00
 11.352500   0.0000000E+00   0.0000000E+00   0.0000000E+00
 11.551667   0.0000000E+00   0.0000000E+00   0.0000000E+00
 11.750833   0.0000000E+00   0.0000000E+00   0.0000000E+00
 11.950000   0.0000000E+00   0.0000000E+00   0.0000000E+00
 12.149167   0.0000000E+00   0.0000000E+00   0.0000000E+00
 12.348333   0.0000000E+00   0.0000000E+00   0.0000000E+00
 12.547500   0.0000000E+00   0.0000000E+00   0.0000000E+00
 12.746667   0.0000000E+00   0.0000000E+00   0.0000000E+00
 12.945833   0.0000000E+00   0.0000000E+00   0.0000000E+00
 13.145000   0.0000000E+00   0.0000000E+00   0.0000000E+00
 13.344167   0.0000000E+00   0.0000000E+00   0.0000000E+00
 13.543333   0.0000000E+00   0.0000000E+00   0.0000000E+00
 13.742500   0.0000000E+00   0.0000000E+00   0.0000000E+00
 13.941667   0.0000000E+00   0.0000000E+00   0.0000000E+00
 14.140833   0.0000000E+00   0.0000000E+00   0.0000000E+00
 14.340000   0.0000000E+00   0.0000000E+00   0.0000000E+00
 14.539167   0.0000000E+00   0.0000000E+00   0.0000000E+00
 14.738333   0.0000000E+00   0.0000000E+00   0.0000000E+00
 14.937500   0.0000000E+00   0.0000000E+00   0.0000000E+00
 15.136667   0.0000000E+00   0.0000000E+00   0.0000000E+00
 15.335833   0.0000000E+00   0.0000000E+00   0.0000000E+00
 15.535000   0.0000000E+00   0.0000000E+00   0.0000000E+00
 15.734167   0.0000000E+00   0.0000000E+00   0.0000000E+00
 15.933333   0.0000000E+00   0.0000000E+00   0.0000000E+00
 16.132500   0.0000000E+00   0.0000000E+00   0.0000000E+00
 16.331667   0.0000000E+00   0.0000000E+00   0.0000000E+00
 16.530833   0.0000000E+00   0.0000000E+00   0.0000000E+00
 16.730000   0.0000000E+00   0.0000000E+00   0.0000000E+00
 16.929167   0.0000000E+00   0.0000000E+00   0.0000000E+00
 17.128333   0.0000000E+00   0.0000000E+00   0.0000000E+00
 17.327500   0.0000000E+00   0.0000000E+00   0.0000000E+00
 17.526667   0.0000000E+00   0.0000000E+00   0.0000000E+00
 17.725833   0.0000000E+00   0.0000000E+00   0.0000000E+00
 17.925000   0.0000000E+00   0.0000000E+00   0.0000000E+00
 18.124167   0.0000000E+00   0.0000000E+00   0.0000000E+00
 18.323333   0.0000000E+00   0.0000000E+00   0.0000000E+00
 18.522500   0.0000000E+00   0.0000000E+00   0.0000000E+00
 18.721667   0.0000000E+00   0.0000000E+00   0.0000000E+00
 18.920833   0.0000000E+00   0.0000000E+00   0.0000000E+00
 19.120000   0.0000000E+00   0.0000000E+00   0.0000000E+00
 19.319167   0.0000000E+00   0.0000000E+00   0.0000000E+00
 19.518333   0.0000000E+00   0.0000000E+00   0.0000000E+00
 19.717500   0.0000000E+00   0.0000000E+00   0.0000000E+00
 19.916667   0.0000000E+00   0.0000000E+00   0.0000000E+00
 20.115833   0.0000000E+00   0.0000000E+00   0.0000000E+00
 20.315000   0.0000000E+00   0.0000000E+00   0.0000000E+00
 20.514167   0.0000000E+00   0.0000000E+00   0.0000000E+00
 20.713333   0.0000000E+00   0.0000000E+00   0.0000000E+00
 20.912500   0.0000000E+00   0.0000000E+00   0.0000000E+00
 21.111667   0.0000000E+00   0.0000000E+00   0.0000000E+00
 21.310833   0.0000000E+00   0.0000000E+00   0.0000000E+00
 21.510000   0.0000000E+00   0.0000000E+00   0.0000000E+00
 21.709167   0.0000000E+00   0.0000000E+00   0.0000000E+00
 21.908333   0.0000000E+00   0.0000000E+00   0.0000000E+00
 22.107500   0.0000000E+00   0.0000000E+00   0.0000000E+00
 22.306667   0.0000000E+00   0.0000000E+00   0.0000000E+00
 22.505833   0.0000000E+00   0.0000000E+00   0.0000000E+00
 22.705000   0.0000000E+00   0.0000000E+00   0.0000000E+00
 22.904167   0.0000000E+00   0.0000000E+00   0.0000000E+00
 23.103333   0.0000000E+00   0.0000000E+00   0.0000000E+00
 23.302500   0.0000000E+00   0.0000000E+00   0.0000000E+00
 23.501667   0.0000000E+00   0.0000000E+00   0.0000000E+00
 23.700833   0.0000000E+00   0.0000000E+00   0.0000000E+00
 23.900000   0.0000000E+00   0.0000000E+00   0.0000000E+00
 24.099167   0.0000000E+00   0.0000000E+00   0.0000000E+00
 24.298333   0.0000000E+00   0.0000000E+00   0.0000000E+00
 24.497500   0.0000000E+00   0.0000000E+00   0.0000000E+00
 24.696667   0.0000000E+00   0.0000000E+00   0.0000000E+00
 24.895833   0.0000000E+00   0.0000000E+00   0.0000000E+00
 25.095000   0.0000000E+00   0.0000000E+00   0.0000000E+00
 25.294167   0.0000000E+00   0.0000000E+00   0.0000000E+00
 25.493333   0.0000000E+00   0.0000000E+00   0.0000000E+00
 25.692500   0.0000000E+00   0.0000000E+00   0.0000000E+00
 25.891667   0.0000000E+00   0.0000000E+00   0.0000000E+00
 26.090833   0.0000000E+00   0.0000000E+00   0.0000000E+00
 26.290000   0.0000000E+00   0.0000000E+00   0.0000000E+00
 26.489167   0.0000000E+00   0.0000000E+00   0.0000000E+00
 26.688333   0.0000000E+00   0.0000000E+00   0.0000000E+00
 26.887500   0.0000000E+00   0.0000000E+00   0.0000000E+00
 27.086667   0.0000000E+00   0.0000000E+00   0.0000000E+00
 27.285833   0.0000000E+00   0.0000000E+00   0.0000000E+00
 27.485000   0.0000000E+00   0.0000000E+00   0.0000000E+00
