# Pre-equilibrium particle emission
# num energy points =  105
# Energy            xs (b)         prob
#  E (MeV)      xs_tot (b)               g               n               p               g               n               p
    0.1000   0.0000000E+00   0.0000000E+00   0.0000000E+00   0.0000000E+00   0.0000000E+00   0.0000000E+00   0.0000000E+00
    0.3000   0.0000000E+00   0.0000000E+00   0.0000000E+00   0.0000000E+00   0.0000000E+00   0.0000000E+00   0.0000000E+00
    0.5000   0.0000000E+00   0.0000000E+00   0.0000000E+00   0.0000000E+00   0.0000000E+00   0.0000000E+00   0.0000000E+00
    0.7000   0.0000000E+00   0.0000000E+00   0.0000000E+00   0.0000000E+00   0.0000000E+00   0.0000000E+00   0.0000000E+00
    0.9000   0.0000000E+00   0.0000000E+00   0.0000000E+00   0.0000000E+00   0.0000000E+00   0.0000000E+00   0.0000000E+00
    1.1000   0.5956483E-03   0.0000000E+00   0.5956483E-03   0.7022142E-15   0.0000000E+00   0.1671041E-03   0.1970003E-15
    1.3000   0.1954174E-02   0.0000000E+00   0.1954174E-02   0.1702571E-14   0.0000000E+00   0.5236965E-03   0.4562699E-15
    1.5000   0.3871071E-02   0.0000000E+00   0.3871071E-02   0.2784764E-14   0.0000000E+00   0.1048834E-02   0.7545086E-15
    1.7000   0.6284660E-02   0.0000000E+00   0.6284660E-02   0.3834646E-14   0.0000000E+00   0.1769312E-02   0.1079563E-14
    1.9000   0.9226258E-02   0.0000000E+00   0.9226258E-02   0.4790962E-14   0.0000000E+00   0.2737884E-02   0.1421714E-14
    2.1000   0.1263142E-01   0.0000000E+00   0.1263142E-01   0.5648082E-14   0.0000000E+00   0.3970113E-02   0.1775218E-14
    2.3000   0.1636287E-01   0.0000000E+00   0.1636287E-01   0.6431530E-14   0.0000000E+00   0.5434276E-02   0.2135977E-14
    2.5000   0.2034608E-01   0.0000000E+00   0.2034608E-01   0.7178765E-14   0.0000000E+00   0.7088499E-02   0.2501055E-14
    2.7000   0.2453741E-01   0.0000000E+00   0.2453741E-01   0.7913705E-14   0.0000000E+00   0.8893612E-02   0.2868332E-14
    2.9000   0.2887568E-01   0.0000000E+00   0.2887568E-01   0.8640050E-14   0.0000000E+00   0.1081526E-01   0.3236092E-14
    3.1000   0.3330984E-01   0.0000000E+00   0.3330984E-01   0.9357795E-14   0.0000000E+00   0.1282787E-01   0.3603756E-14
    3.3000   0.3781323E-01   0.0000000E+00   0.3781323E-01   0.1007303E-13   0.0000000E+00   0.1491300E-01   0.3972659E-14
    3.5000   0.4237907E-01   0.0000000E+00   0.4237907E-01   0.1087107E-13   0.0000000E+00   0.1705854E-01   0.4375853E-14
    3.7000   0.4702075E-01   0.0000000E+00   0.4702075E-01   0.1232287E-13   0.0000000E+00   0.1925610E-01   0.5046504E-14
    3.9000   0.5176232E-01   0.0000000E+00   0.5176232E-01   0.1755678E-13   0.0000000E+00   0.2149915E-01   0.7292095E-14
    4.1000   0.5665213E-01   0.0000000E+00   0.5665213E-01   0.4118800E-13   0.0000000E+00   0.2378235E-01   0.1729057E-13
    4.3000   0.6172224E-01   0.0000000E+00   0.6172224E-01   0.1420252E-12   0.0000000E+00   0.2610120E-01   0.6005984E-13
    4.5000   0.6701646E-01   0.0000000E+00   0.6701646E-01   0.5265663E-12   0.0000000E+00   0.2845204E-01   0.2235553E-12
    4.7000   0.7256757E-01   0.0000000E+00   0.7256757E-01   0.1842085E-11   0.0000000E+00   0.3083196E-01   0.7826512E-12
    4.9000   0.7843371E-01   0.0000000E+00   0.7843371E-01   0.5931294E-11   0.0000000E+00   0.3323876E-01   0.2513573E-11
    5.1000   0.8467999E-01   0.0000000E+00   0.8467999E-01   0.1762140E-10   0.0000000E+00   0.3567123E-01   0.7422967E-11
    5.3000   0.9131736E-01   0.0000000E+00   0.9131736E-01   0.4868743E-10   0.0000000E+00   0.3812858E-01   0.2032891E-10
    5.5000   0.9839714E-01   0.0000000E+00   0.9839714E-01   0.1258990E-09   0.0000000E+00   0.4061042E-01   0.5196096E-10
    5.7000   0.1059035E+00   0.0000000E+00   0.1059035E+00   0.3061635E-09   0.0000000E+00   0.4311681E-01   0.1246493E-09
    5.9000   0.1138403E+00   0.0000000E+00   0.1138403E+00   0.7046687E-09   0.0000000E+00   0.4564831E-01   0.2825619E-09
    6.1000   0.1220967E+00   0.0000000E+00   0.1220967E+00   0.1540829E-08   0.0000000E+00   0.4820574E-01   0.6083439E-09
    6.3000   0.1306340E+00   0.0000000E+00   0.1306340E+00   0.3255238E-08   0.0000000E+00   0.5079000E-01   0.1265624E-08
    6.5000   0.1392955E+00   0.0000000E+00   0.1392955E+00   0.1543440E-07   0.0000000E+00   0.5340206E-01   0.5917127E-08
    6.7000   0.1480173E+00   0.0000000E+00   0.1480172E+00   0.3866485E-07   0.0000000E+00   0.5604281E-01   0.1463943E-07
    6.9000   0.1566866E+00   0.0000000E+00   0.1566865E+00   0.7704555E-07   0.0000000E+00   0.5871280E-01   0.2887013E-07
    7.1000   0.1652178E+00   0.0000000E+00   0.1652177E+00   0.1389160E-06   0.0000000E+00   0.6141210E-01   0.5163567E-07
    7.3000   0.1736351E+00   0.0000000E+00   0.1736349E+00   0.2346309E-06   0.0000000E+00   0.6414030E-01   0.8667209E-07
    7.5000   0.1818998E+00   0.0000000E+00   0.1818994E+00   0.3826945E-06   0.0000000E+00   0.6689628E-01   0.1407417E-06
    7.7000   0.1899703E+00   0.0000000E+00   0.1899697E+00   0.5970435E-06   0.0000000E+00   0.6967852E-01   0.2189881E-06
    7.9000   0.1979565E+00   0.0000000E+00   0.1979556E+00   0.9148419E-06   0.0000000E+00   0.7248493E-01   0.3349854E-06
    8.1000   0.2057751E+00   0.0000000E+00   0.2057737E+00   0.1382124E-05   0.0000000E+00   0.7531304E-01   0.5058565E-06
    8.3000   0.2134866E+00   0.0000000E+00   0.2134845E+00   0.2060051E-05   0.0000000E+00   0.7816041E-01   0.7542208E-06
    8.5000   0.2211460E+00   0.0000000E+00   0.2211430E+00   0.3023439E-05   0.0000000E+00   0.8102432E-01   0.1107754E-05
    8.7000   0.2287222E+00   0.0000000E+00   0.2287178E+00   0.4369976E-05   0.0000000E+00   0.8390212E-01   0.1603068E-05
    8.9000   0.2362626E+00   0.0000000E+00   0.2362564E+00   0.6223937E-05   0.0000000E+00   0.8679127E-01   0.2286429E-05
    9.1000   0.2437868E+00   0.0000000E+00   0.2437781E+00   0.8734323E-05   0.0000000E+00   0.8968921E-01   0.3213474E-05
    9.3000   0.2513020E+00   0.0000000E+00   0.2512899E+00   0.1208949E-04   0.0000000E+00   0.9259366E-01   0.4454655E-05
    9.5000   0.2588574E+00   0.0000000E+00   0.2588408E+00   0.1652136E-04   0.0000000E+00   0.9550244E-01   0.6095755E-05
    9.7000   0.2664740E+00   0.0000000E+00   0.2664517E+00   0.2231054E-04   0.0000000E+00   0.9841352E-01   0.8240364E-05
    9.9000   0.2741497E+00   0.0000000E+00   0.2741199E+00   0.2978635E-04   0.0000000E+00   0.1013251E+00   0.1101016E-04
   10.1000   0.2818990E+00   0.0000000E+00   0.2818597E+00   0.3933780E-04   0.0000000E+00   0.1042354E+00   0.1454764E-04
   10.3000   0.2897221E+00   0.0000000E+00   0.2896707E+00   0.5141593E-04   0.0000000E+00   0.1071431E+00   0.1901767E-04
   10.5000   0.2976074E+00   0.0000000E+00   0.2975408E+00   0.6654148E-04   0.0000000E+00   0.1100467E+00   0.2461064E-04
   10.7000   0.3055479E+00   0.0000000E+00   0.3054626E+00   0.8530949E-04   0.0000000E+00   0.1129451E+00   0.3154326E-04
   10.9000   0.3135283E+00   0.0000000E+00   0.3134199E+00   0.1083908E-03   0.0000000E+00   0.1158372E+00   0.4006027E-04
   11.1000   0.3215195E+00   0.0000000E+00   0.3213830E+00   0.1365254E-03   0.0000000E+00   0.1187221E+00   0.5043387E-04
   11.3000   0.3294972E+00   0.0000000E+00   0.3293266E+00   0.1705251E-03   0.0000000E+00   0.1215990E+00   0.6296390E-04
   11.5000   0.3374364E+00   0.0000000E+00   0.3372251E+00   0.2112759E-03   0.0000000E+00   0.1244671E+00   0.7798025E-04
   11.7000   0.3453458E+00   0.0000000E+00   0.3450861E+00   0.2597574E-03   0.0000000E+00   0.1273256E+00   0.9584208E-04
   11.9000   0.3531734E+00   0.0000000E+00   0.3528565E+00   0.3169365E-03   0.0000000E+00   0.1301740E+00   0.1169226E-03
   12.1000   0.3608909E+00   0.0000000E+00   0.3605070E+00   0.3838386E-03   0.0000000E+00   0.1330115E+00   0.1416199E-03
   12.3000   0.3684710E+00   0.0000000E+00   0.3680095E+00   0.4615157E-03   0.0000000E+00   0.1358377E+00   0.1703522E-03
   12.5000   0.3760195E+00   0.0000000E+00   0.3754683E+00   0.5512109E-03   0.0000000E+00   0.1386518E+00   0.2035495E-03
   12.7000   0.3834417E+00   0.0000000E+00   0.3827878E+00   0.6538890E-03   0.0000000E+00   0.1414533E+00   0.2416345E-03
   12.9000   0.3907183E+00   0.0000000E+00   0.3899477E+00   0.7705782E-03   0.0000000E+00   0.1442415E+00   0.2850366E-03
   13.1000   0.3978326E+00   0.0000000E+00   0.3969304E+00   0.9022673E-03   0.0000000E+00   0.1470161E+00   0.3341841E-03
   13.3000   0.4049225E+00   0.0000000E+00   0.4038722E+00   0.1050273E-02   0.0000000E+00   0.1497763E+00   0.3894943E-03
   13.5000   0.4119802E+00   0.0000000E+00   0.4107646E+00   0.1215560E-02   0.0000000E+00   0.1525216E+00   0.4513515E-03
   13.7000   0.4189452E+00   0.0000000E+00   0.4175464E+00   0.1398863E-02   0.0000000E+00   0.1552516E+00   0.5201235E-03
   13.9000   0.4258145E+00   0.0000000E+00   0.4242135E+00   0.1600958E-02   0.0000000E+00   0.1579657E+00   0.5961535E-03
   14.1000   0.4325981E+00   0.0000000E+00   0.4307755E+00   0.1822585E-02   0.0000000E+00   0.1606634E+00   0.6797571E-03
   14.3000   0.4394863E+00   0.0000000E+00   0.4374210E+00   0.2065238E-02   0.0000000E+00   0.1633444E+00   0.7712138E-03
   14.5000   0.4463607E+00   0.0000000E+00   0.4440316E+00   0.2329095E-02   0.0000000E+00   0.1660083E+00   0.8707692E-03
   14.7000   0.4532275E+00   0.0000000E+00   0.4506127E+00   0.2614721E-02   0.0000000E+00   0.1686547E+00   0.9786340E-03
   14.9000   0.4600941E+00   0.0000000E+00   0.4571715E+00   0.2922615E-02   0.0000000E+00   0.1712833E+00   0.1094983E-02
   15.1000   0.4669800E+00   0.0000000E+00   0.4637267E+00   0.3253308E-02   0.0000000E+00   0.1738938E+00   0.1219964E-02
   15.3000   0.4739731E+00   0.0000000E+00   0.4703652E+00   0.3607882E-02   0.0000000E+00   0.1764860E+00   0.1353716E-02
   15.5000   0.4810224E+00   0.0000000E+00   0.4770359E+00   0.3986418E-02   0.0000000E+00   0.1790597E+00   0.1496338E-02
   15.7000   0.4881371E+00   0.0000000E+00   0.4837477E+00   0.4389338E-02   0.0000000E+00   0.1816149E+00   0.1647903E-02
   15.9000   0.4953272E+00   0.0000000E+00   0.4905101E+00   0.4817041E-02   0.0000000E+00   0.1841513E+00   0.1808453E-02
   16.1000   0.5026035E+00   0.0000000E+00   0.4973335E+00   0.5269954E-02   0.0000000E+00   0.1866690E+00   0.1978022E-02
   16.3000   0.5099203E+00   0.0000000E+00   0.5041723E+00   0.5747944E-02   0.0000000E+00   0.1891678E+00   0.2156655E-02
   16.5000   0.5172978E+00   0.0000000E+00   0.5110463E+00   0.6251468E-02   0.0000000E+00   0.1916478E+00   0.2344366E-02
   16.7000   0.5247473E+00   0.0000000E+00   0.5179664E+00   0.6780893E-02   0.0000000E+00   0.1941089E+00   0.2541153E-02
   16.9000   0.5322725E+00   0.0000000E+00   0.5249360E+00   0.7336492E-02   0.0000000E+00   0.1965513E+00   0.2746996E-02
   17.1000   0.5398772E+00   0.0000000E+00   0.5319587E+00   0.7918520E-02   0.0000000E+00   0.1989750E+00   0.2961860E-02
   17.3000   0.5475382E+00   0.0000000E+00   0.5390113E+00   0.8526920E-02   0.0000000E+00   0.2013800E+00   0.3185743E-02
   17.5000   0.5551276E+00   0.0000000E+00   0.5459678E+00   0.9159765E-02   0.0000000E+00   0.2037665E+00   0.3418614E-02
   17.7000   0.5627285E+00   0.0000000E+00   0.5529102E+00   0.9818304E-02   0.0000000E+00   0.2061345E+00   0.3660435E-02
   17.9000   0.5703343E+00   0.0000000E+00   0.5598319E+00   0.1050242E-01   0.0000000E+00   0.2084842E+00   0.3911154E-02
   18.1000   0.5779384E+00   0.0000000E+00   0.5667265E+00   0.1121194E-01   0.0000000E+00   0.2108157E+00   0.4170711E-02
   18.3000   0.5855343E+00   0.0000000E+00   0.5735876E+00   0.1194666E-01   0.0000000E+00   0.2131292E+00   0.4439046E-02
   18.5000   0.5930987E+00   0.0000000E+00   0.5803927E+00   0.1270605E-01   0.0000000E+00   0.2154246E+00   0.4716112E-02
   18.7000   0.6005094E+00   0.0000000E+00   0.5870222E+00   0.1348720E-01   0.0000000E+00   0.2177022E+00   0.5001845E-02
   18.9000   0.6078334E+00   0.0000000E+00   0.5935423E+00   0.1429112E-01   0.0000000E+00   0.2199621E+00   0.5296176E-02
   19.1000   0.6150580E+00   0.0000000E+00   0.5999409E+00   0.1511709E-01   0.0000000E+00   0.2222043E+00   0.5599023E-02
   19.3000   0.6221712E+00   0.0000000E+00   0.6062068E+00   0.1596436E-01   0.0000000E+00   0.2244290E+00   0.5910302E-02
   19.5000   0.6291613E+00   0.0000000E+00   0.6123292E+00   0.1683208E-01   0.0000000E+00   0.2266364E+00   0.6229921E-02
   19.7000   0.6360174E+00   0.0000000E+00   0.6182980E+00   0.1771944E-01   0.0000000E+00   0.2288264E+00   0.6557803E-02
   19.9000   0.6428035E+00   0.0000000E+00   0.6241759E+00   0.1862767E-01   0.0000000E+00   0.2309993E+00   0.6893857E-02
   20.1000   0.6494982E+00   0.0000000E+00   0.6299425E+00   0.1955572E-01   0.0000000E+00   0.2331550E+00   0.7237984E-02
   20.3000   0.6560606E+00   0.0000000E+00   0.6355588E+00   0.2050179E-01   0.0000000E+00   0.2352936E+00   0.7590078E-02
   20.5000   0.6624825E+00   0.0000000E+00   0.6410176E+00   0.2146495E-01   0.0000000E+00   0.2374152E+00   0.7950027E-02
   20.7000   0.6687567E+00   0.0000000E+00   0.6463124E+00   0.2244423E-01   0.0000000E+00   0.2395200E+00   0.8317713E-02
   20.9000   0.6748768E+00   0.0000000E+00   0.6514382E+00   0.2343869E-01   0.0000000E+00   0.2416079E+00   0.8693029E-02
