# n+239Pu
# Incident Energy =   13.50000
# Particle spectrum from Pre-equilibrium emission from 240P
# num energy points =  138
#  E (MeV)               g               n               p
  0.000000   0.0000000E+00   0.0000000E+00   0.0000000E+00
  0.199167   0.0000000E+00   0.2614545E-01   0.1312957E-10
  0.398333   0.0000000E+00   0.4752513E-01   0.1213409E-10
  0.597500   0.0000000E+00   0.6052052E-01   0.1122375E-10
  0.796667   0.0000000E+00   0.7642033E-01   0.1039104E-10
  0.995833   0.0000000E+00   0.9892289E-01   0.9629103E-11
  1.195000   0.0000000E+00   0.1197249E+00   0.8931661E-11
  1.394167   0.0000000E+00   0.1317375E+00   0.8292965E-11
  1.593333   0.0000000E+00   0.1364769E+00   0.7707763E-11
  1.792500   0.0000000E+00   0.1365959E+00   0.7171260E-11
  1.991667   0.0000000E+00   0.1338410E+00   0.6678273E-11
  2.190833   0.0000000E+00   0.1298383E+00   0.6225814E-11
  2.390000   0.0000000E+00   0.1256458E+00   0.6008860E-11
  2.589167   0.0000000E+00   0.1218731E+00   0.8326383E-11
  2.788333   0.0000000E+00   0.1185522E+00   0.2752591E-10
  2.987500   0.0000000E+00   0.1155243E+00   0.1395996E-09
  3.186667   0.0000000E+00   0.1126996E+00   0.6832827E-09
  3.385833   0.0000000E+00   0.1100273E+00   0.2941679E-08
  3.585000   0.0000000E+00   0.1075087E+00   0.1109465E-07
  3.784167   0.0000000E+00   0.1051514E+00   0.3723817E-07
  3.983333   0.0000000E+00   0.1029824E+00   0.1129342E-06
  4.182500   0.0000000E+00   0.1010356E+00   0.3134187E-06
  4.381667   0.0000000E+00   0.9932405E-01   0.8057676E-06
  4.580833   0.0000000E+00   0.9783468E-01   0.1928659E-05
  4.780000   0.0000000E+00   0.9656384E-01   0.4321893E-05
  4.979167   0.0000000E+00   0.9553197E-01   0.9153556E-05
  5.178333   0.0000000E+00   0.9472481E-01   0.1839204E-04
  5.377500   0.0000000E+00   0.9410041E-01   0.3648180E-04
  5.576667   0.0000000E+00   0.9362979E-01   0.3323154E-03
  5.775833   0.0000000E+00   0.9326209E-01   0.4928770E-03
  5.975000   0.0000000E+00   0.9291448E-01   0.7067338E-03
  6.174167   0.0000000E+00   0.9250942E-01   0.1073307E-02
  6.373333   0.0000000E+00   0.9197393E-01   0.1577618E-02
  6.572500   0.0000000E+00   0.9123547E-01   0.2393770E-02
  6.771667   0.0000000E+00   0.9026647E-01   0.3257875E-02
  6.970833   0.0000000E+00   0.8903474E-01   0.4806135E-02
  7.170000   0.0000000E+00   0.8753606E-01   0.6974583E-02
  7.369167   0.0000000E+00   0.8584428E-01   0.9897475E-02
  7.568333   0.0000000E+00   0.8393468E-01   0.1361131E-01
  7.767500   0.0000000E+00   0.8185825E-01   0.1841867E-01
  7.966667   0.0000000E+00   0.7965370E-01   0.2450720E-01
  8.165833   0.0000000E+00   0.7731642E-01   0.3193937E-01
  8.365000   0.0000000E+00   0.7490569E-01   0.4110809E-01
  8.564167   0.0000000E+00   0.7242200E-01   0.5219598E-01
  8.763333   0.0000000E+00   0.6987205E-01   0.6541069E-01
  8.962500   0.0000000E+00   0.6728115E-01   0.8079721E-01
  9.161667   0.0000000E+00   0.6464677E-01   0.9845880E-01
  9.360833   0.0000000E+00   0.6197385E-01   0.1184056E+00
  9.560000   0.0000000E+00   0.5927524E-01   0.1406591E+00
  9.759167   0.0000000E+00   0.5654342E-01   0.1650477E+00
  9.958333   0.0000000E+00   0.5377428E-01   0.1913025E+00
 10.157500   0.0000000E+00   0.5096349E-01   0.2189147E+00
 10.356667   0.0000000E+00   0.4810179E-01   0.2472354E+00
 10.555833   0.0000000E+00   0.4517944E-01   0.2755708E+00
 10.755000   0.0000000E+00   0.4218594E-01   0.3029379E+00
 10.954167   0.0000000E+00   0.3911066E-01   0.3274757E+00
 11.153333   0.0000000E+00   0.3593884E-01   0.3480532E+00
 11.352500   0.0000000E+00   0.3265678E-01   0.3629670E+00
 11.551667   0.0000000E+00   0.2924969E-01   0.3700612E+00
 11.750833   0.0000000E+00   0.2570016E-01   0.3665324E+00
 11.950000   0.0000000E+00   0.2198213E-01   0.3502591E+00
 12.149167   0.0000000E+00   0.1805668E-01   0.3182613E+00
 12.348333   0.0000000E+00   0.1389216E-01   0.2671277E+00
 12.547500   0.0000000E+00   0.9409761E-02   0.1920777E+00
 12.746667   0.0000000E+00   0.0000000E+00   0.0000000E+00
 12.945833   0.0000000E+00   0.0000000E+00   0.0000000E+00
 13.145000   0.0000000E+00   0.0000000E+00   0.0000000E+00
 13.344167   0.0000000E+00   0.0000000E+00   0.0000000E+00
 13.543333   0.0000000E+00   0.0000000E+00   0.0000000E+00
 13.742500   0.0000000E+00   0.0000000E+00   0.0000000E+00
 13.941667   0.0000000E+00   0.0000000E+00   0.0000000E+00
 14.140833   0.0000000E+00   0.0000000E+00   0.0000000E+00
 14.340000   0.0000000E+00   0.0000000E+00   0.0000000E+00
 14.539167   0.0000000E+00   0.0000000E+00   0.0000000E+00
 14.738333   0.0000000E+00   0.0000000E+00   0.0000000E+00
 14.937500   0.0000000E+00   0.0000000E+00   0.0000000E+00
 15.136667   0.0000000E+00   0.0000000E+00   0.0000000E+00
 15.335833   0.0000000E+00   0.0000000E+00   0.0000000E+00
 15.535000   0.0000000E+00   0.0000000E+00   0.0000000E+00
 15.734167   0.0000000E+00   0.0000000E+00   0.0000000E+00
 15.933333   0.0000000E+00   0.0000000E+00   0.0000000E+00
 16.132500   0.0000000E+00   0.0000000E+00   0.0000000E+00
 16.331667   0.0000000E+00   0.0000000E+00   0.0000000E+00
 16.530833   0.0000000E+00   0.0000000E+00   0.0000000E+00
 16.730000   0.0000000E+00   0.0000000E+00   0.0000000E+00
 16.929167   0.0000000E+00   0.0000000E+00   0.0000000E+00
 17.128333   0.0000000E+00   0.0000000E+00   0.0000000E+00
 17.327500   0.0000000E+00   0.0000000E+00   0.0000000E+00
 17.526667   0.0000000E+00   0.0000000E+00   0.0000000E+00
 17.725833   0.0000000E+00   0.0000000E+00   0.0000000E+00
 17.925000   0.0000000E+00   0.0000000E+00   0.0000000E+00
 18.124167   0.0000000E+00   0.0000000E+00   0.0000000E+00
 18.323333   0.0000000E+00   0.0000000E+00   0.0000000E+00
 18.522500   0.0000000E+00   0.0000000E+00   0.0000000E+00
 18.721667   0.0000000E+00   0.0000000E+00   0.0000000E+00
 18.920833   0.0000000E+00   0.0000000E+00   0.0000000E+00
 19.120000   0.0000000E+00   0.0000000E+00   0.0000000E+00
 19.319167   0.0000000E+00   0.0000000E+00   0.0000000E+00
 19.518333   0.0000000E+00   0.0000000E+00   0.0000000E+00
 19.717500   0.0000000E+00   0.0000000E+00   0.0000000E+00
 19.916667   0.0000000E+00   0.0000000E+00   0.0000000E+00
 20.115833   0.0000000E+00   0.0000000E+00   0.0000000E+00
 20.315000   0.0000000E+00   0.0000000E+00   0.0000000E+00
 20.514167   0.0000000E+00   0.0000000E+00   0.0000000E+00
 20.713333   0.0000000E+00   0.0000000E+00   0.0000000E+00
 20.912500   0.0000000E+00   0.0000000E+00   0.0000000E+00
 21.111667   0.0000000E+00   0.0000000E+00   0.0000000E+00
 21.310833   0.0000000E+00   0.0000000E+00   0.0000000E+00
 21.510000   0.0000000E+00   0.0000000E+00   0.0000000E+00
 21.709167   0.0000000E+00   0.0000000E+00   0.0000000E+00
 21.908333   0.0000000E+00   0.0000000E+00   0.0000000E+00
 22.107500   0.0000000E+00   0.0000000E+00   0.0000000E+00
 22.306667   0.0000000E+00   0.0000000E+00   0.0000000E+00
 22.505833   0.0000000E+00   0.0000000E+00   0.0000000E+00
 22.705000   0.0000000E+00   0.0000000E+00   0.0000000E+00
 22.904167   0.0000000E+00   0.0000000E+00   0.0000000E+00
 23.103333   0.0000000E+00   0.0000000E+00   0.0000000E+00
 23.302500   0.0000000E+00   0.0000000E+00   0.0000000E+00
 23.501667   0.0000000E+00   0.0000000E+00   0.0000000E+00
 23.700833   0.0000000E+00   0.0000000E+00   0.0000000E+00
 23.900000   0.0000000E+00   0.0000000E+00   0.0000000E+00
 24.099167   0.0000000E+00   0.0000000E+00   0.0000000E+00
 24.298333   0.0000000E+00   0.0000000E+00   0.0000000E+00
 24.497500   0.0000000E+00   0.0000000E+00   0.0000000E+00
 24.696667   0.0000000E+00   0.0000000E+00   0.0000000E+00
 24.895833   0.0000000E+00   0.0000000E+00   0.0000000E+00
 25.095000   0.0000000E+00   0.0000000E+00   0.0000000E+00
 25.294167   0.0000000E+00   0.0000000E+00   0.0000000E+00
 25.493333   0.0000000E+00   0.0000000E+00   0.0000000E+00
 25.692500   0.0000000E+00   0.0000000E+00   0.0000000E+00
 25.891667   0.0000000E+00   0.0000000E+00   0.0000000E+00
 26.090833   0.0000000E+00   0.0000000E+00   0.0000000E+00
 26.290000   0.0000000E+00   0.0000000E+00   0.0000000E+00
 26.489167   0.0000000E+00   0.0000000E+00   0.0000000E+00
 26.688333   0.0000000E+00   0.0000000E+00   0.0000000E+00
 26.887500   0.0000000E+00   0.0000000E+00   0.0000000E+00
 27.086667   0.0000000E+00   0.0000000E+00   0.0000000E+00
 27.285833   0.0000000E+00   0.0000000E+00   0.0000000E+00
 27.485000   0.0000000E+00   0.0000000E+00   0.0000000E+00
