\cite{}
E_n : \text{pre } \overline{TKE}  :  Uncertainty : \text{pre } \sigma_{TKE} : Uncertainty : \text{post } \overline{TKE}  : Uncertainty : \text{pst } \sigma_{TKE} : Uncertainty 
1.3      171.02  0.18       11.42  0.12         169.02  0.18         11.21  0.12
1.5      171.22  0.12       11.59  0.08         169.29  0.11         11.32  0.07
1.7      171.44  0.10       11.38  0.06         169.38  0.10         11.20  0.06
1.9      171.29  0.10       11.34  0.06         169.23  0.09         11.18  0.06
2.1      171.27  0.09       11.37  0.06         169.25  0.09         11.18  0.06
2.4      171.13  0.09       11.24  0.06         169.17  0.09         11.02  0.06
2.7      171.05  0.09       11.34  0.06         169.15  0.09         10.98  0.06
3.0      170.94  0.09       11.31  0.06         168.89  0.09         11.09  0.06
3.4      170.80  0.10       11.38  0.06         168.74  0.09         11.17  0.06
3.8      170.57  0.09       11.17  0.06         168.54  0.09         11.00  0.06
4.2      170.29  0.09       11.17  0.06         168.20  0.09         10.91  0.06
4.7      170.11  0.10       11.29  0.06         168.04  0.09         11.06  0.06
5.3      170.00  0.10       11.43  0.06         167.90  0.09         11.11  0.06
6.0      170.12  0.09       11.35  0.06         167.89  0.09         11.22  0.06
6.7      170.34  0.09       11.54  0.06         168.13  0.08         11.35  0.06
7.5      170.45  0.09       11.74  0.06         168.24  0.08         11.49  0.06
8.4      170.15  0.09       11.73  0.06         167.87  0.09         11.47  0.06
9.5      169.76  0.09       11.55  0.06         167.48  0.09         11.34  0.06
10.6     169.55  0.10       11.49  0.07         166.89  0.10         11.16  0.06
11.9     169.19  0.11       11.59  0.07         166.47  0.10         11.26  0.07
13.4     168.70  0.11       11.75  0.07         165.93  0.11         11.48  0.07
15.0     168.52  0.11       11.89  0.07         165.66  0.11         11.67  0.07
16.8     168.37  0.11       11.98  0.08         165.44  0.11         11.74  0.07
18.9     168.16  0.11       11.90  0.08         165.06  0.11         11.69  0.08
21.2     168.06  0.11       11.97  0.08         164.91  0.11         11.70  0.08
23.8     167.96  0.11       12.17  0.08         164.80  0.11         11.92  0.08
26.7     167.76  0.11       12.25  0.08         164.53  0.11         12.09  0.08
