\cite{Bowman_2}
 Total Kinetic Energy (MeV) : Mass Number (A) : Average Neutron Multiplicity 
  1.59E+02 101.7  2.83
  1.61E+02 101.7  2.35
  1.63E+02 101.7  2.65
  1.65E+02 101.7  2.79
  1.67E+02 101.7  2.93
  1.68E+02 101.7  2.40
  1.70E+02 101.7  2.13
  1.72E+02 101.7  1.94
  1.74E+02 101.7  1.78
  1.76E+02 101.7  1.58
  1.77E+02 101.7  1.53
  1.79E+02 101.7  1.37
  1.80E+02 101.7  1.26
  1.83E+02 101.7  1.12
  1.85E+02 101.7  1.08
  1.86E+02 101.7  9.24E-01
  1.88E+02 101.7  8.11E-01
  1.89E+02 101.7  7.21E-01
  1.91E+02 101.7  7.47E-01
  1.93E+02 101.7  5.64E-01
  1.94E+02 101.7  6.35E-01
  1.97E+02 101.7  5.00E-01
  1.99E+02 101.7  6.41E-01
  2.00E+02 101.7  5.73E-01
  2.02E+02 101.7  7.84E-01
  1.61E+02 109.6  6.85 
  1.63E+02 109.6  7.50 
  1.65E+02 109.6  6.16 
  1.66E+02 109.6  5.51 
  1.68E+02 109.6  4.73 
  1.70E+02 109.6  4.13 
  1.72E+02 109.6  3.73 
  1.74E+02 109.6  3.13 
  1.75E+02 109.6  3.09 
  1.77E+02 109.6  2.90 
  1.79E+02 109.6  2.74 
  1.81E+02 109.6  2.37 
  1.82E+02 109.6  2.14 
  1.84E+02 109.6  1.96 
  1.86E+02 109.6  1.84 
  1.88E+02 109.6  1.63 
  1.90E+02 109.6  1.54 
  1.91E+02 109.6  1.40 
  1.93E+02 109.6  1.26 
  1.94E+02 109.6  1.22 
  1.97E+02 109.6  1.10 
  1.98E+02 109.6  9.92E-01
  2.00E+02 109.6  9.00E-01
  2.02E+02 109.6  8.76E-01
  2.04E+02 109.6  8.07E-01
  2.05E+02 109.6  8.07E-01
  2.07E+02 109.6  6.46E-01
           
  1.65E+02 117.4  4.83 
  1.66E+02 117.4  5.12 
  1.68E+02 117.4  5.72 
  1.70E+02 117.4  8.10 
  1.71E+02 117.4  7.07 
  1.73E+02 117.4  6.41 
  1.75E+02 117.4  4.85 
  1.77E+02 117.4  4.35 
  1.79E+02 117.4  4.03 
  1.80E+02 117.4  3.87 
  1.82E+02 117.4  3.61 
  1.84E+02 117.4  3.52 
  1.86E+02 117.4  3.32 
  1.88E+02 117.4  3.13 
  1.89E+02 117.4  2.72 
  1.91E+02 117.4  2.56 
  1.93E+02 117.4  2.47 
  1.95E+02 117.4  2.47 
  1.96E+02 117.4  2.29 
  1.98E+02 117.4  2.24 
  2.00E+02 117.4  2.03 
  2.02E+02 117.4  1.83 
  2.04E+02 117.4  1.87 
  2.06E+02 117.4  1.46 
  2.07E+02 117.4  1.37 
  2.09E+02 117.4  1.16 
  2.11E+02 117.4  1.44 
           
  1.61E+02 121.8  8.93E-01
  1.63E+02 121.8  2.45 
  1.65E+02 121.8  3.38 
  1.66E+02 121.8  6.11 
  1.67E+02 121.8  4.19 
  1.69E+02 121.8  4.46 
  1.70E+02 121.8  5.51 
  1.72E+02 121.8  4.46 
  1.74E+02 121.8  5.63 
  1.75E+02 121.8  4.76 
  1.77E+02 121.8  5.08 
  1.79E+02 121.8  4.90 
  1.81E+02 121.8  4.55 
  1.83E+02 121.8  4.28 
  1.85E+02 121.8  4.32 
  1.86E+02 121.8  4.00 
  1.88E+02 121.8  4.14 
  1.90E+02 121.8  3.87 
  1.92E+02 121.8  4.07 
  1.93E+02 121.8  4.00 
  1.95E+02 121.8  3.75 
  1.97E+02 121.8  4.19 
  1.99E+02 121.8  4.35 
  2.01E+02 121.8  3.41 
  2.02E+02 121.8  3.87 
  2.03E+02 121.8  2.88 
  2.06E+02 121.8  3.06 
  1.70E+02 126.5  4.86 
  1.72E+02 126.5  3.17 
  1.74E+02 126.5  3.35 
  1.75E+02 126.5  3.19 
  1.77E+02 126.5  2.97 
  1.79E+02 126.5  2.51 
  1.81E+02 126.5  2.30 
  1.82E+02 126.5  2.10 
  1.84E+02 126.5  1.69 
  1.86E+02 126.5  1.60 
  1.88E+02 126.5  1.42 
  1.89E+02 126.5  1.16 
  1.91E+02 126.5  9.87E-01
  1.92E+02 126.5  9.65E-01
  1.94E+02 126.5  7.37E-01
  1.96E+02 126.5  6.47E-01
  1.98E+02 126.5  5.56E-01
           
  1.63E+02 135.3  2.37 
  1.66E+02 135.3  1.98 
  1.68E+02 135.3  2.00 
  1.70E+02 135.3  1.75 
  1.72E+02 135.3  2.00 
  1.73E+02 135.3  1.58 
  1.75E+02 135.3  1.72 
  1.77E+02 135.3  1.58 
  1.79E+02 135.3  1.53 
  1.81E+02 135.3  1.46 
  1.82E+02 135.3  1.42 
  1.84E+02 135.3  1.26 
  1.86E+02 135.3  1.07 
  1.88E+02 135.3  1.00 
  1.89E+02 135.3  9.60E-01
  1.91E+02 135.3  9.13E-01
  1.93E+02 135.3  6.60E-01
  1.95E+02 135.3  6.59E-01
  1.96E+02 135.3  4.97E-01
  1.98E+02 135.3  4.50E-01
  2.00E+02 135.3  3.12E-01
  2.02E+02 135.3  3.79E-01
  2.03E+02 135.3  3.78E-01
  2.04E+02 135.3  2.86E-01
  1.61E+02 142.8  3.30 
  1.63E+02 142.8  3.74 
  1.65E+02 142.8  3.14 
  1.66E+02 142.8  3.10 
  1.68E+02 142.8  2.96 
  1.70E+02 142.8  2.92 
  1.72E+02 142.8  2.89 
  1.74E+02 142.8  2.60 
  1.75E+02 142.8  2.39 
  1.77E+02 142.8  2.21 
  1.79E+02 142.8  2.00 
  1.81E+02 142.8  1.98 
  1.82E+02 142.8  1.73 
  1.84E+02 142.8  1.61 
  1.86E+02 142.8  1.46 
  1.88E+02 142.8  1.36 
  1.89E+02 142.8  1.27 
  1.91E+02 142.8  1.18 
  1.93E+02 142.8  1.04 
  1.94E+02 142.8  1.00 
  1.96E+02 142.8  1.00 
  1.98E+02 142.8  9.12E-01
  2.00E+02 142.8  8.44E-01
  2.01E+02 142.8  8.44E-01
  2.03E+02 142.8  8.66E-01
  2.05E+02 142.8  8.66E-01
  1.59E+02 150.4  5.06 
  1.61E+02 150.4  4.28 
  1.63E+02 150.4  4.24 
  1.64E+02 150.4  3.96 
  1.66E+02 150.4  3.76 
  1.68E+02 150.4  3.76 
  1.70E+02 150.4  3.44 
  1.71E+02 150.4  3.10 
  1.73E+02 150.4  2.66 
  1.75E+02 150.4  2.52 
  1.77E+02 150.4  2.43 
  1.79E+02 150.4  2.18 
  1.80E+02 150.4  1.97 
  1.82E+02 150.4  1.77 
  1.84E+02 150.4  1.77 
  1.86E+02 150.4  1.75 
  1.87E+02 150.4  1.52 
  1.89E+02 150.4  1.41 
  1.91E+02 150.4  1.34 
  1.93E+02 150.4  1.36 
  1.94E+02 150.4  1.25 
  1.96E+02 150.4  1.27 
  1.98E+02 150.4  9.80E-01
  2.00E+02 150.4  9.81E-01
