#  n+235U
# Incident Energy =   18.70000
# Particle spectrum from Pre-equilibrium emission from 236U
# num energy points =  138
#  E (MeV)               g               n               p
  0.000000   0.0000000E+00   0.0000000E+00   0.0000000E+00
  0.199153   0.0000000E+00   0.1243509E-01   0.1101611E-11
  0.398305   0.0000000E+00   0.2440292E-01   0.1036567E-11
  0.597458   0.0000000E+00   0.3300663E-01   0.9757639E-12
  0.796610   0.0000000E+00   0.4225052E-01   0.9189237E-12
  0.995763   0.0000000E+00   0.5531110E-01   0.8657847E-12
  1.194915   0.0000000E+00   0.7086977E-01   0.8161017E-12
  1.394068   0.0000000E+00   0.8385212E-01   0.7696446E-12
  1.593220   0.0000000E+00   0.9136678E-01   0.7261981E-12
  1.792373   0.0000000E+00   0.9466558E-01   0.6855604E-12
  1.991525   0.0000000E+00   0.9526967E-01   0.6472803E-12
  2.190678   0.0000000E+00   0.9438360E-01   0.6138288E-12
  2.389831   0.0000000E+00   0.9289720E-01   0.6412684E-12
  2.588983   0.0000000E+00   0.9140838E-01   0.1225498E-11
  2.788136   0.0000000E+00   0.9014150E-01   0.5462008E-11
  2.987288   0.0000000E+00   0.8902943E-01   0.2967293E-10
  3.186441   0.0000000E+00   0.8798428E-01   0.1432231E-09
  3.385593   0.0000000E+00   0.8689275E-01   0.6020166E-09
  3.584746   0.0000000E+00   0.8569559E-01   0.2226355E-08
  3.783898   0.0000000E+00   0.8441979E-01   0.7324016E-08
  3.983051   0.0000000E+00   0.8312618E-01   0.2192527E-07
  4.182203   0.0000000E+00   0.8187990E-01   0.6021131E-07
  4.381356   0.0000000E+00   0.8070956E-01   0.1525625E-06
  4.580508   0.0000000E+00   0.7965414E-01   0.3602719E-06
  4.779661   0.0000000E+00   0.7875264E-01   0.7988200E-06
  4.978814   0.0000000E+00   0.7799891E-01   0.1673798E-05
  5.177966   0.0000000E+00   0.7740782E-01   0.3332350E-05
  5.377119   0.0000000E+00   0.7699345E-01   0.1518433E-04
  5.576271   0.0000000E+00   0.7673843E-01   0.7765065E-04
  5.775424   0.0000000E+00   0.7662112E-01   0.6119328E-04
  5.974576   0.0000000E+00   0.7660639E-01   0.1142809E-03
  6.173729   0.0000000E+00   0.7665462E-01   0.1532828E-03
  6.372881   0.0000000E+00   0.7670010E-01   0.2646741E-03
  6.572034   0.0000000E+00   0.7667831E-01   0.3797127E-03
  6.771186   0.0000000E+00   0.7655668E-01   0.5926528E-03
  6.970339   0.0000000E+00   0.7627971E-01   0.8430515E-03
  7.169492   0.0000000E+00   0.7583889E-01   0.1219131E-02
  7.368644   0.0000000E+00   0.7524930E-01   0.1713047E-02
  7.567797   0.0000000E+00   0.7449458E-01   0.2363528E-02
  7.766949   0.0000000E+00   0.7360629E-01   0.3209258E-02
  7.966102   0.0000000E+00   0.7261078E-01   0.4270436E-02
  8.165254   0.0000000E+00   0.7150246E-01   0.5609768E-02
  8.364407   0.0000000E+00   0.7034504E-01   0.7270932E-02
  8.563559   0.0000000E+00   0.6913592E-01   0.9305080E-02
  8.762712   0.0000000E+00   0.6788060E-01   0.1175275E-01
  8.961864   0.0000000E+00   0.6661808E-01   0.1466237E-01
  9.161017   0.0000000E+00   0.6534275E-01   0.1808185E-01
  9.360169   0.0000000E+00   0.6406240E-01   0.2206523E-01
  9.559322   0.0000000E+00   0.6279632E-01   0.2665722E-01
  9.758475   0.0000000E+00   0.6154265E-01   0.3190343E-01
  9.957627   0.0000000E+00   0.6030352E-01   0.3780493E-01
 10.156780   0.0000000E+00   0.5908352E-01   0.4438806E-01
 10.355932   0.0000000E+00   0.5788126E-01   0.5166520E-01
 10.555085   0.0000000E+00   0.5669366E-01   0.5960562E-01
 10.754237   0.0000000E+00   0.5551866E-01   0.6812584E-01
 10.953390   0.0000000E+00   0.5434703E-01   0.7722035E-01
 11.152542   0.0000000E+00   0.5317643E-01   0.8683597E-01
 11.351695   0.0000000E+00   0.5200280E-01   0.9675823E-01
 11.550847   0.0000000E+00   0.5082238E-01   0.1068881E+00
 11.750000   0.0000000E+00   0.4963075E-01   0.1171506E+00
 11.949153   0.0000000E+00   0.4842354E-01   0.1274282E+00
 12.148305   0.0000000E+00   0.4719753E-01   0.1374036E+00
 12.347458   0.0000000E+00   0.4595250E-01   0.1469730E+00
 12.546610   0.0000000E+00   0.4469476E-01   0.1560273E+00
 12.745763   0.0000000E+00   0.4341576E-01   0.1644325E+00
 12.944915   0.0000000E+00   0.4211402E-01   0.1720112E+00
 13.144068   0.0000000E+00   0.4078851E-01   0.1786235E+00
 13.343220   0.0000000E+00   0.3945606E-01   0.1841866E+00
 13.542373   0.0000000E+00   0.3810680E-01   0.1886088E+00
 13.741525   0.0000000E+00   0.3673850E-01   0.1918312E+00
 13.940678   0.0000000E+00   0.3535072E-01   0.1939388E+00
 14.139831   0.0000000E+00   0.3394771E-01   0.1947598E+00
 14.338983   0.0000000E+00   0.3254047E-01   0.1942463E+00
 14.538136   0.0000000E+00   0.3111776E-01   0.1923633E+00
 14.737288   0.0000000E+00   0.2967851E-01   0.1891676E+00
 14.936441   0.0000000E+00   0.2822160E-01   0.1847957E+00
 15.135593   0.0000000E+00   0.2674820E-01   0.1790390E+00
 15.334746   0.0000000E+00   0.2526097E-01   0.1718594E+00
 15.533898   0.0000000E+00   0.2375295E-01   0.1632193E+00
 15.733051   0.0000000E+00   0.2222153E-01   0.1531029E+00
 15.932203   0.0000000E+00   0.2066362E-01   0.1416108E+00
 16.131356   0.0000000E+00   0.1907589E-01   0.1284964E+00
 16.330508   0.0000000E+00   0.1745437E-01   0.1136441E+00
 16.529661   0.0000000E+00   0.1579297E-01   0.9688007E-01
 16.728814   0.0000000E+00   0.1408504E-01   0.7805391E-01
 16.927966   0.0000000E+00   0.1232202E-01   0.5683618E-01
 17.127119   0.0000000E+00   0.1048802E-01   0.3270224E-01
 17.326271   0.0000000E+00   0.8578629E-02   0.0000000E+00
 17.525424   0.0000000E+00   0.6559930E-02   0.0000000E+00
 17.724576   0.0000000E+00   0.4400958E-02   0.0000000E+00
 17.923729   0.0000000E+00   0.0000000E+00   0.0000000E+00
 18.122881   0.0000000E+00   0.0000000E+00   0.0000000E+00
 18.322034   0.0000000E+00   0.0000000E+00   0.0000000E+00
 18.521186   0.0000000E+00   0.0000000E+00   0.0000000E+00
 18.720339   0.0000000E+00   0.0000000E+00   0.0000000E+00
 18.919492   0.0000000E+00   0.0000000E+00   0.0000000E+00
 19.118644   0.0000000E+00   0.0000000E+00   0.0000000E+00
 19.317797   0.0000000E+00   0.0000000E+00   0.0000000E+00
 19.516949   0.0000000E+00   0.0000000E+00   0.0000000E+00
 19.716102   0.0000000E+00   0.0000000E+00   0.0000000E+00
 19.915254   0.0000000E+00   0.0000000E+00   0.0000000E+00
 20.114407   0.0000000E+00   0.0000000E+00   0.0000000E+00
 20.313559   0.0000000E+00   0.0000000E+00   0.0000000E+00
 20.512712   0.0000000E+00   0.0000000E+00   0.0000000E+00
 20.711864   0.0000000E+00   0.0000000E+00   0.0000000E+00
 20.911017   0.0000000E+00   0.0000000E+00   0.0000000E+00
 21.110169   0.0000000E+00   0.0000000E+00   0.0000000E+00
 21.309322   0.0000000E+00   0.0000000E+00   0.0000000E+00
 21.508475   0.0000000E+00   0.0000000E+00   0.0000000E+00
 21.707627   0.0000000E+00   0.0000000E+00   0.0000000E+00
 21.906780   0.0000000E+00   0.0000000E+00   0.0000000E+00
 22.105932   0.0000000E+00   0.0000000E+00   0.0000000E+00
 22.305085   0.0000000E+00   0.0000000E+00   0.0000000E+00
 22.504237   0.0000000E+00   0.0000000E+00   0.0000000E+00
 22.703390   0.0000000E+00   0.0000000E+00   0.0000000E+00
 22.902542   0.0000000E+00   0.0000000E+00   0.0000000E+00
 23.101695   0.0000000E+00   0.0000000E+00   0.0000000E+00
 23.300847   0.0000000E+00   0.0000000E+00   0.0000000E+00
 23.500000   0.0000000E+00   0.0000000E+00   0.0000000E+00
 23.699153   0.0000000E+00   0.0000000E+00   0.0000000E+00
 23.898305   0.0000000E+00   0.0000000E+00   0.0000000E+00
 24.097458   0.0000000E+00   0.0000000E+00   0.0000000E+00
 24.296610   0.0000000E+00   0.0000000E+00   0.0000000E+00
 24.495763   0.0000000E+00   0.0000000E+00   0.0000000E+00
 24.694915   0.0000000E+00   0.0000000E+00   0.0000000E+00
 24.894068   0.0000000E+00   0.0000000E+00   0.0000000E+00
 25.093220   0.0000000E+00   0.0000000E+00   0.0000000E+00
 25.292373   0.0000000E+00   0.0000000E+00   0.0000000E+00
 25.491525   0.0000000E+00   0.0000000E+00   0.0000000E+00
 25.690678   0.0000000E+00   0.0000000E+00   0.0000000E+00
 25.889831   0.0000000E+00   0.0000000E+00   0.0000000E+00
 26.088983   0.0000000E+00   0.0000000E+00   0.0000000E+00
 26.288136   0.0000000E+00   0.0000000E+00   0.0000000E+00
 26.487288   0.0000000E+00   0.0000000E+00   0.0000000E+00
 26.686441   0.0000000E+00   0.0000000E+00   0.0000000E+00
 26.885593   0.0000000E+00   0.0000000E+00   0.0000000E+00
 27.084746   0.0000000E+00   0.0000000E+00   0.0000000E+00
 27.283898   0.0000000E+00   0.0000000E+00   0.0000000E+00
 27.483051   0.0000000E+00   0.0000000E+00   0.0000000E+00
