#  n+235U
# Incident Energy =   20.30000
# Particle spectrum from Pre-equilibrium emission from 236U
# num energy points =  138
#  E (MeV)               g               n               p
  0.000000   0.0000000E+00   0.0000000E+00   0.0000000E+00
  0.199153   0.0000000E+00   0.1087002E-01   0.6822238E-12
  0.398305   0.0000000E+00   0.2141972E-01   0.6444063E-12
  0.597458   0.0000000E+00   0.2908919E-01   0.6088810E-12
  0.796610   0.0000000E+00   0.3738414E-01   0.5755090E-12
  0.995763   0.0000000E+00   0.4913118E-01   0.5441594E-12
  1.194915   0.0000000E+00   0.6319148E-01   0.5147087E-12
  1.394068   0.0000000E+00   0.7504562E-01   0.4870404E-12
  1.593220   0.0000000E+00   0.8206790E-01   0.4610449E-12
  1.792373   0.0000000E+00   0.8533150E-01   0.4366187E-12
  1.991525   0.0000000E+00   0.8617109E-01   0.4134970E-12
  2.190678   0.0000000E+00   0.8565435E-01   0.3932831E-12
  2.389831   0.0000000E+00   0.8457795E-01   0.4120317E-12
  2.588983   0.0000000E+00   0.8348284E-01   0.7895717E-12
  2.788136   0.0000000E+00   0.8257475E-01   0.3528375E-11
  2.987288   0.0000000E+00   0.8179408E-01   0.1921688E-10
  3.186441   0.0000000E+00   0.8106134E-01   0.9298076E-10
  3.385593   0.0000000E+00   0.8027265E-01   0.3917462E-09
  3.584746   0.0000000E+00   0.7937310E-01   0.1452002E-08
  3.783898   0.0000000E+00   0.7838741E-01   0.4786967E-08
  3.983051   0.0000000E+00   0.7737211E-01   0.1436013E-07
  4.182203   0.0000000E+00   0.7638835E-01   0.3951477E-07
  4.381356   0.0000000E+00   0.7546375E-01   0.1003149E-06
  4.580508   0.0000000E+00   0.7463580E-01   0.2373312E-06
  4.779661   0.0000000E+00   0.7394239E-01   0.5271733E-06
  4.978814   0.0000000E+00   0.7337913E-01   0.1106531E-05
  5.177966   0.0000000E+00   0.7296138E-01   0.2206713E-05
  5.377119   0.0000000E+00   0.7270383E-01   0.1007181E-04
  5.576271   0.0000000E+00   0.7259148E-01   0.5158919E-04
  5.775424   0.0000000E+00   0.7260509E-01   0.4071994E-04
  5.974576   0.0000000E+00   0.7271253E-01   0.7616546E-04
  6.173729   0.0000000E+00   0.7287710E-01   0.1023184E-03
  6.372881   0.0000000E+00   0.7303706E-01   0.1769479E-03
  6.572034   0.0000000E+00   0.7313141E-01   0.2542520E-03
  6.771186   0.0000000E+00   0.7312930E-01   0.3974565E-03
  6.970339   0.0000000E+00   0.7297776E-01   0.5662810E-03
  7.169492   0.0000000E+00   0.7266856E-01   0.8202167E-03
  7.368644   0.0000000E+00   0.7221602E-01   0.1154420E-02
  7.567797   0.0000000E+00   0.7160433E-01   0.1595477E-02
  7.766949   0.0000000E+00   0.7086369E-01   0.2170165E-02
  7.966102   0.0000000E+00   0.7001946E-01   0.2892980E-02
  8.165254   0.0000000E+00   0.6906621E-01   0.3807445E-02
  8.364407   0.0000000E+00   0.6806551E-01   0.4944576E-02
  8.563559   0.0000000E+00   0.6701505E-01   0.6340860E-02
  8.762712   0.0000000E+00   0.6592029E-01   0.8026009E-02
  8.961864   0.0000000E+00   0.6481929E-01   0.1003561E-01
  9.161017   0.0000000E+00   0.6370691E-01   0.1240551E-01
  9.360169   0.0000000E+00   0.6259097E-01   0.1517642E-01
  9.559322   0.0000000E+00   0.6149062E-01   0.1838347E-01
  9.758475   0.0000000E+00   0.6040440E-01   0.2206329E-01
  9.957627   0.0000000E+00   0.5933478E-01   0.2622261E-01
 10.156780   0.0000000E+00   0.5828662E-01   0.3088654E-01
 10.355932   0.0000000E+00   0.5725896E-01   0.3607159E-01
 10.555085   0.0000000E+00   0.5624916E-01   0.4176521E-01
 10.754237   0.0000000E+00   0.5525556E-01   0.4791866E-01
 10.953390   0.0000000E+00   0.5426933E-01   0.5453866E-01
 11.152542   0.0000000E+00   0.5328847E-01   0.6159956E-01
 11.351695   0.0000000E+00   0.5230919E-01   0.6896177E-01
 11.550847   0.0000000E+00   0.5132801E-01   0.7656720E-01
 11.750000   0.0000000E+00   0.5034070E-01   0.8437557E-01
 11.949153   0.0000000E+00   0.4934302E-01   0.9231643E-01
 12.148305   0.0000000E+00   0.4833184E-01   0.1001740E+00
 12.347458   0.0000000E+00   0.4730707E-01   0.1078851E+00
 12.546610   0.0000000E+00   0.4627536E-01   0.1153826E+00
 12.745763   0.0000000E+00   0.4522805E-01   0.1225806E+00
 12.944915   0.0000000E+00   0.4416368E-01   0.1293592E+00
 13.144068   0.0000000E+00   0.4308125E-01   0.1356241E+00
 13.343220   0.0000000E+00   0.4199872E-01   0.1413225E+00
 13.542373   0.0000000E+00   0.4090598E-01   0.1463936E+00
 13.741525   0.0000000E+00   0.3980092E-01   0.1508008E+00
 13.940678   0.0000000E+00   0.3868332E-01   0.1546209E+00
 14.139831   0.0000000E+00   0.3755814E-01   0.1577291E+00
 14.338983   0.0000000E+00   0.3643824E-01   0.1600959E+00
 14.538136   0.0000000E+00   0.3531198E-01   0.1617017E+00
 14.737288   0.0000000E+00   0.3417893E-01   0.1626054E+00
 14.936441   0.0000000E+00   0.3303871E-01   0.1629437E+00
 15.135593   0.0000000E+00   0.3189384E-01   0.1625595E+00
 15.334746   0.0000000E+00   0.3074911E-01   0.1614418E+00
 15.533898   0.0000000E+00   0.2959807E-01   0.1595830E+00
 15.733051   0.0000000E+00   0.2843973E-01   0.1570065E+00
 15.932203   0.0000000E+00   0.2727298E-01   0.1538787E+00
 16.131356   0.0000000E+00   0.2609660E-01   0.1500311E+00
 16.330508   0.0000000E+00   0.2490997E-01   0.1454455E+00
 16.529661   0.0000000E+00   0.2371043E-01   0.1401043E+00
 16.728814   0.0000000E+00   0.2249611E-01   0.1339901E+00
 16.927966   0.0000000E+00   0.2126497E-01   0.1271588E+00
 17.127119   0.0000000E+00   0.2001476E-01   0.1195649E+00
 17.326271   0.0000000E+00   0.1874138E-01   0.1111273E+00
 17.525424   0.0000000E+00   0.1743928E-01   0.1018013E+00
 17.724576   0.0000000E+00   0.1610832E-01   0.9153224E-01
 17.923729   0.0000000E+00   0.1474486E-01   0.8025045E-01
 18.122881   0.0000000E+00   0.1334470E-01   0.6788310E-01
 18.322034   0.0000000E+00   0.1190263E-01   0.5430225E-01
 18.521186   0.0000000E+00   0.1041130E-01   0.3925483E-01
 18.720339   0.0000000E+00   0.8857029E-02   0.2242136E-01
 18.919492   0.0000000E+00   0.7238398E-02   0.0000000E+00
 19.118644   0.0000000E+00   0.5530136E-02   0.0000000E+00
 19.317797   0.0000000E+00   0.3705924E-02   0.0000000E+00
 19.516949   0.0000000E+00   0.0000000E+00   0.0000000E+00
 19.716102   0.0000000E+00   0.0000000E+00   0.0000000E+00
 19.915254   0.0000000E+00   0.0000000E+00   0.0000000E+00
 20.114407   0.0000000E+00   0.0000000E+00   0.0000000E+00
 20.313559   0.0000000E+00   0.0000000E+00   0.0000000E+00
 20.512712   0.0000000E+00   0.0000000E+00   0.0000000E+00
 20.711864   0.0000000E+00   0.0000000E+00   0.0000000E+00
 20.911017   0.0000000E+00   0.0000000E+00   0.0000000E+00
 21.110169   0.0000000E+00   0.0000000E+00   0.0000000E+00
 21.309322   0.0000000E+00   0.0000000E+00   0.0000000E+00
 21.508475   0.0000000E+00   0.0000000E+00   0.0000000E+00
 21.707627   0.0000000E+00   0.0000000E+00   0.0000000E+00
 21.906780   0.0000000E+00   0.0000000E+00   0.0000000E+00
 22.105932   0.0000000E+00   0.0000000E+00   0.0000000E+00
 22.305085   0.0000000E+00   0.0000000E+00   0.0000000E+00
 22.504237   0.0000000E+00   0.0000000E+00   0.0000000E+00
 22.703390   0.0000000E+00   0.0000000E+00   0.0000000E+00
 22.902542   0.0000000E+00   0.0000000E+00   0.0000000E+00
 23.101695   0.0000000E+00   0.0000000E+00   0.0000000E+00
 23.300847   0.0000000E+00   0.0000000E+00   0.0000000E+00
 23.500000   0.0000000E+00   0.0000000E+00   0.0000000E+00
 23.699153   0.0000000E+00   0.0000000E+00   0.0000000E+00
 23.898305   0.0000000E+00   0.0000000E+00   0.0000000E+00
 24.097458   0.0000000E+00   0.0000000E+00   0.0000000E+00
 24.296610   0.0000000E+00   0.0000000E+00   0.0000000E+00
 24.495763   0.0000000E+00   0.0000000E+00   0.0000000E+00
 24.694915   0.0000000E+00   0.0000000E+00   0.0000000E+00
 24.894068   0.0000000E+00   0.0000000E+00   0.0000000E+00
 25.093220   0.0000000E+00   0.0000000E+00   0.0000000E+00
 25.292373   0.0000000E+00   0.0000000E+00   0.0000000E+00
 25.491525   0.0000000E+00   0.0000000E+00   0.0000000E+00
 25.690678   0.0000000E+00   0.0000000E+00   0.0000000E+00
 25.889831   0.0000000E+00   0.0000000E+00   0.0000000E+00
 26.088983   0.0000000E+00   0.0000000E+00   0.0000000E+00
 26.288136   0.0000000E+00   0.0000000E+00   0.0000000E+00
 26.487288   0.0000000E+00   0.0000000E+00   0.0000000E+00
 26.686441   0.0000000E+00   0.0000000E+00   0.0000000E+00
 26.885593   0.0000000E+00   0.0000000E+00   0.0000000E+00
 27.084746   0.0000000E+00   0.0000000E+00   0.0000000E+00
 27.283898   0.0000000E+00   0.0000000E+00   0.0000000E+00
 27.483051   0.0000000E+00   0.0000000E+00   0.0000000E+00
