#  n+235U
# Incident Energy =   15.90000
# Particle spectrum from Pre-equilibrium emission from 236U
# num energy points =  138
#  E (MeV)               g               n               p
  0.000000   0.0000000E+00   0.0000000E+00   0.0000000E+00
  0.199153   0.0000000E+00   0.1602325E-01   0.3458931E-11
  0.398305   0.0000000E+00   0.3117860E-01   0.3230066E-11
  0.597458   0.0000000E+00   0.4182326E-01   0.3018308E-11
  0.796610   0.0000000E+00   0.5310602E-01   0.2822341E-11
  0.995763   0.0000000E+00   0.6897892E-01   0.2640946E-11
  1.194915   0.0000000E+00   0.8771195E-01   0.2472995E-11
  1.394068   0.0000000E+00   0.1030172E+00   0.2317441E-11
  1.593220   0.0000000E+00   0.1114523E+00   0.2173317E-11
  1.792373   0.0000000E+00   0.1146851E+00   0.2039729E-11
  1.991525   0.0000000E+00   0.1146553E+00   0.1915075E-11
  2.190678   0.0000000E+00   0.1128684E+00   0.1806397E-11
  2.389831   0.0000000E+00   0.1104145E+00   0.1877504E-11
  2.588983   0.0000000E+00   0.1080110E+00   0.3570492E-11
  2.788136   0.0000000E+00   0.1059192E+00   0.1583934E-10
  2.987288   0.0000000E+00   0.1040540E+00   0.8566523E-10
  3.186441   0.0000000E+00   0.1023082E+00   0.4117195E-09
  3.385593   0.0000000E+00   0.1005471E+00   0.1723534E-08
  3.584746   0.0000000E+00   0.9870120E-01   0.6348940E-08
  3.783898   0.0000000E+00   0.9680053E-01   0.2080735E-07
  3.983051   0.0000000E+00   0.9491330E-01   0.6206277E-07
  4.182203   0.0000000E+00   0.9311127E-01   0.1698374E-06
  4.381356   0.0000000E+00   0.9142374E-01   0.4288589E-06
  4.580508   0.0000000E+00   0.8989124E-01   0.1009352E-05
  4.779661   0.0000000E+00   0.8855387E-01   0.2230654E-05
  4.978814   0.0000000E+00   0.8740062E-01   0.4658802E-05
  5.177966   0.0000000E+00   0.8644426E-01   0.9245231E-05
  5.377119   0.0000000E+00   0.8569657E-01   0.4199115E-04
  5.576271   0.0000000E+00   0.8513436E-01   0.2140387E-03
  5.775424   0.0000000E+00   0.8473007E-01   0.1681190E-03
  5.974576   0.0000000E+00   0.8444163E-01   0.3129132E-03
  6.173729   0.0000000E+00   0.8422252E-01   0.4182567E-03
  6.372881   0.0000000E+00   0.8399826E-01   0.7196354E-03
  6.572034   0.0000000E+00   0.8369657E-01   0.1028609E-02
  6.771186   0.0000000E+00   0.8328090E-01   0.1599271E-02
  6.970339   0.0000000E+00   0.8269036E-01   0.2265816E-02
  7.169492   0.0000000E+00   0.8191576E-01   0.3262728E-02
  7.368644   0.0000000E+00   0.8097358E-01   0.4564153E-02
  7.567797   0.0000000E+00   0.7984650E-01   0.6267586E-02
  7.766949   0.0000000E+00   0.7856888E-01   0.8467759E-02
  7.966102   0.0000000E+00   0.7716920E-01   0.1120787E-01
  8.165254   0.0000000E+00   0.7564182E-01   0.1463965E-01
  8.364407   0.0000000E+00   0.7405443E-01   0.1886008E-01
  8.563559   0.0000000E+00   0.7240413E-01   0.2398041E-01
  8.762712   0.0000000E+00   0.7069664E-01   0.3007848E-01
  8.961864   0.0000000E+00   0.6897234E-01   0.3724575E-01
  9.161017   0.0000000E+00   0.6722492E-01   0.4556431E-01
  9.360169   0.0000000E+00   0.6546192E-01   0.5512226E-01
  9.559322   0.0000000E+00   0.6370236E-01   0.6597332E-01
  9.758475   0.0000000E+00   0.6194341E-01   0.7816114E-01
  9.957627   0.0000000E+00   0.6018623E-01   0.9160715E-01
 10.156780   0.0000000E+00   0.5843424E-01   0.1062817E+00
 10.355932   0.0000000E+00   0.5668477E-01   0.1221057E+00
 10.555085   0.0000000E+00   0.5493343E-01   0.1388819E+00
 10.754237   0.0000000E+00   0.5317681E-01   0.1562783E+00
 10.953390   0.0000000E+00   0.5140463E-01   0.1741300E+00
 11.152542   0.0000000E+00   0.4961330E-01   0.1921441E+00
 11.351695   0.0000000E+00   0.4779781E-01   0.2096603E+00
 11.550847   0.0000000E+00   0.4595321E-01   0.2262736E+00
 11.750000   0.0000000E+00   0.4407416E-01   0.2416180E+00
 11.949153   0.0000000E+00   0.4215548E-01   0.2552236E+00
 12.148305   0.0000000E+00   0.4019308E-01   0.2662227E+00
 12.347458   0.0000000E+00   0.3818545E-01   0.2741904E+00
 12.546610   0.0000000E+00   0.3613615E-01   0.2786804E+00
 12.745763   0.0000000E+00   0.3403619E-01   0.2791951E+00
 12.944915   0.0000000E+00   0.3188241E-01   0.2751571E+00
 13.144068   0.0000000E+00   0.2967151E-01   0.2660567E+00
 13.343220   0.0000000E+00   0.2741296E-01   0.2514531E+00
 13.542373   0.0000000E+00   0.2509441E-01   0.2308458E+00
 13.741525   0.0000000E+00   0.2270887E-01   0.2036352E+00
 13.940678   0.0000000E+00   0.2024896E-01   0.1694356E+00
 14.139831   0.0000000E+00   0.1770723E-01   0.1270113E+00
 14.338983   0.0000000E+00   0.1506568E-01   0.7500671E-01
 14.538136   0.0000000E+00   0.1232034E-01   0.0000000E+00
 14.737288   0.0000000E+00   0.9419536E-02   0.0000000E+00
 14.936441   0.0000000E+00   0.6318437E-02   0.0000000E+00
 15.135593   0.0000000E+00   0.0000000E+00   0.0000000E+00
 15.334746   0.0000000E+00   0.0000000E+00   0.0000000E+00
 15.533898   0.0000000E+00   0.0000000E+00   0.0000000E+00
 15.733051   0.0000000E+00   0.0000000E+00   0.0000000E+00
 15.932203   0.0000000E+00   0.0000000E+00   0.0000000E+00
 16.131356   0.0000000E+00   0.0000000E+00   0.0000000E+00
 16.330508   0.0000000E+00   0.0000000E+00   0.0000000E+00
 16.529661   0.0000000E+00   0.0000000E+00   0.0000000E+00
 16.728814   0.0000000E+00   0.0000000E+00   0.0000000E+00
 16.927966   0.0000000E+00   0.0000000E+00   0.0000000E+00
 17.127119   0.0000000E+00   0.0000000E+00   0.0000000E+00
 17.326271   0.0000000E+00   0.0000000E+00   0.0000000E+00
 17.525424   0.0000000E+00   0.0000000E+00   0.0000000E+00
 17.724576   0.0000000E+00   0.0000000E+00   0.0000000E+00
 17.923729   0.0000000E+00   0.0000000E+00   0.0000000E+00
 18.122881   0.0000000E+00   0.0000000E+00   0.0000000E+00
 18.322034   0.0000000E+00   0.0000000E+00   0.0000000E+00
 18.521186   0.0000000E+00   0.0000000E+00   0.0000000E+00
 18.720339   0.0000000E+00   0.0000000E+00   0.0000000E+00
 18.919492   0.0000000E+00   0.0000000E+00   0.0000000E+00
 19.118644   0.0000000E+00   0.0000000E+00   0.0000000E+00
 19.317797   0.0000000E+00   0.0000000E+00   0.0000000E+00
 19.516949   0.0000000E+00   0.0000000E+00   0.0000000E+00
 19.716102   0.0000000E+00   0.0000000E+00   0.0000000E+00
 19.915254   0.0000000E+00   0.0000000E+00   0.0000000E+00
 20.114407   0.0000000E+00   0.0000000E+00   0.0000000E+00
 20.313559   0.0000000E+00   0.0000000E+00   0.0000000E+00
 20.512712   0.0000000E+00   0.0000000E+00   0.0000000E+00
 20.711864   0.0000000E+00   0.0000000E+00   0.0000000E+00
 20.911017   0.0000000E+00   0.0000000E+00   0.0000000E+00
 21.110169   0.0000000E+00   0.0000000E+00   0.0000000E+00
 21.309322   0.0000000E+00   0.0000000E+00   0.0000000E+00
 21.508475   0.0000000E+00   0.0000000E+00   0.0000000E+00
 21.707627   0.0000000E+00   0.0000000E+00   0.0000000E+00
 21.906780   0.0000000E+00   0.0000000E+00   0.0000000E+00
 22.105932   0.0000000E+00   0.0000000E+00   0.0000000E+00
 22.305085   0.0000000E+00   0.0000000E+00   0.0000000E+00
 22.504237   0.0000000E+00   0.0000000E+00   0.0000000E+00
 22.703390   0.0000000E+00   0.0000000E+00   0.0000000E+00
 22.902542   0.0000000E+00   0.0000000E+00   0.0000000E+00
 23.101695   0.0000000E+00   0.0000000E+00   0.0000000E+00
 23.300847   0.0000000E+00   0.0000000E+00   0.0000000E+00
 23.500000   0.0000000E+00   0.0000000E+00   0.0000000E+00
 23.699153   0.0000000E+00   0.0000000E+00   0.0000000E+00
 23.898305   0.0000000E+00   0.0000000E+00   0.0000000E+00
 24.097458   0.0000000E+00   0.0000000E+00   0.0000000E+00
 24.296610   0.0000000E+00   0.0000000E+00   0.0000000E+00
 24.495763   0.0000000E+00   0.0000000E+00   0.0000000E+00
 24.694915   0.0000000E+00   0.0000000E+00   0.0000000E+00
 24.894068   0.0000000E+00   0.0000000E+00   0.0000000E+00
 25.093220   0.0000000E+00   0.0000000E+00   0.0000000E+00
 25.292373   0.0000000E+00   0.0000000E+00   0.0000000E+00
 25.491525   0.0000000E+00   0.0000000E+00   0.0000000E+00
 25.690678   0.0000000E+00   0.0000000E+00   0.0000000E+00
 25.889831   0.0000000E+00   0.0000000E+00   0.0000000E+00
 26.088983   0.0000000E+00   0.0000000E+00   0.0000000E+00
 26.288136   0.0000000E+00   0.0000000E+00   0.0000000E+00
 26.487288   0.0000000E+00   0.0000000E+00   0.0000000E+00
 26.686441   0.0000000E+00   0.0000000E+00   0.0000000E+00
 26.885593   0.0000000E+00   0.0000000E+00   0.0000000E+00
 27.084746   0.0000000E+00   0.0000000E+00   0.0000000E+00
 27.283898   0.0000000E+00   0.0000000E+00   0.0000000E+00
 27.483051   0.0000000E+00   0.0000000E+00   0.0000000E+00
