#  n+235U
# Incident Energy =    8.50000
# Particle spectrum from Pre-equilibrium emission from 236U
# num energy points =  138
#  E (MeV)               g               n               p
  0.000000   0.0000000E+00   0.0000000E+00   0.0000000E+00
  0.199153   0.0000000E+00   0.3737685E-01   0.1114338E-07
  0.398305   0.0000000E+00   0.7059785E-01   0.1017845E-07
  0.597458   0.0000000E+00   0.9209056E-01   0.9315371E-08
  0.796610   0.0000000E+00   0.1139099E+00   0.8541348E-08
  0.995763   0.0000000E+00   0.1443714E+00   0.7845307E-08
  1.194915   0.0000000E+00   0.1794137E+00   0.7217683E-08
  1.394068   0.0000000E+00   0.2062397E+00   0.6650162E-08
  1.593220   0.0000000E+00   0.2186703E+00   0.6135514E-08
  1.792373   0.0000000E+00   0.2207788E+00   0.5667448E-08
  1.991525   0.0000000E+00   0.2167896E+00   0.5238369E-08
  2.190678   0.0000000E+00   0.2097884E+00   0.4864624E-08
  2.389831   0.0000000E+00   0.2018804E+00   0.4977298E-08
  2.588983   0.0000000E+00   0.1943604E+00   0.9315052E-08
  2.788136   0.0000000E+00   0.1876353E+00   0.4064616E-07
  2.987288   0.0000000E+00   0.1814842E+00   0.2160737E-06
  3.186441   0.0000000E+00   0.1756630E+00   0.1019767E-05
  3.385593   0.0000000E+00   0.1698969E+00   0.4187117E-05
  3.584746   0.0000000E+00   0.1640370E+00   0.1510631E-04
  3.783898   0.0000000E+00   0.1581056E+00   0.4840314E-04
  3.983051   0.0000000E+00   0.1521982E+00   0.1408567E-03
  4.182203   0.0000000E+00   0.1463936E+00   0.3751353E-03
  4.381356   0.0000000E+00   0.1407068E+00   0.9191628E-03
  4.580508   0.0000000E+00   0.1351661E+00   0.2091774E-02
  4.779661   0.0000000E+00   0.1297928E+00   0.4451108E-02
  4.978814   0.0000000E+00   0.1245269E+00   0.8905662E-02
  5.177966   0.0000000E+00   0.1193394E+00   0.1682530E-01
  5.377119   0.0000000E+00   0.1141929E+00   0.7220071E-01
  5.576271   0.0000000E+00   0.1089962E+00   0.3443548E+00
  5.775424   0.0000000E+00   0.1036437E+00   0.2499376E+00
  5.974576   0.0000000E+00   0.9803118E-01   0.4227662E+00
  6.173729   0.0000000E+00   0.9202032E-01   0.5017957E+00
  6.372881   0.0000000E+00   0.8545845E-01   0.7403355E+00
  6.572034   0.0000000E+00   0.7820277E-01   0.8604993E+00
  6.771186   0.0000000E+00   0.7014731E-01   0.9843437E+00
  6.970339   0.0000000E+00   0.6105971E-01   0.8112650E+00
  7.169492   0.0000000E+00   0.5109896E-01   0.0000000E+00
  7.368644   0.0000000E+00   0.3990663E-01   0.0000000E+00
  7.567797   0.0000000E+00   0.2730477E-01   0.0000000E+00
  7.766949   0.0000000E+00   0.0000000E+00   0.0000000E+00
  7.966102   0.0000000E+00   0.0000000E+00   0.0000000E+00
  8.165254   0.0000000E+00   0.0000000E+00   0.0000000E+00
  8.364407   0.0000000E+00   0.0000000E+00   0.0000000E+00
  8.563559   0.0000000E+00   0.0000000E+00   0.0000000E+00
  8.762712   0.0000000E+00   0.0000000E+00   0.0000000E+00
  8.961864   0.0000000E+00   0.0000000E+00   0.0000000E+00
  9.161017   0.0000000E+00   0.0000000E+00   0.0000000E+00
  9.360169   0.0000000E+00   0.0000000E+00   0.0000000E+00
  9.559322   0.0000000E+00   0.0000000E+00   0.0000000E+00
  9.758475   0.0000000E+00   0.0000000E+00   0.0000000E+00
  9.957627   0.0000000E+00   0.0000000E+00   0.0000000E+00
 10.156780   0.0000000E+00   0.0000000E+00   0.0000000E+00
 10.355932   0.0000000E+00   0.0000000E+00   0.0000000E+00
 10.555085   0.0000000E+00   0.0000000E+00   0.0000000E+00
 10.754237   0.0000000E+00   0.0000000E+00   0.0000000E+00
 10.953390   0.0000000E+00   0.0000000E+00   0.0000000E+00
 11.152542   0.0000000E+00   0.0000000E+00   0.0000000E+00
 11.351695   0.0000000E+00   0.0000000E+00   0.0000000E+00
 11.550847   0.0000000E+00   0.0000000E+00   0.0000000E+00
 11.750000   0.0000000E+00   0.0000000E+00   0.0000000E+00
 11.949153   0.0000000E+00   0.0000000E+00   0.0000000E+00
 12.148305   0.0000000E+00   0.0000000E+00   0.0000000E+00
 12.347458   0.0000000E+00   0.0000000E+00   0.0000000E+00
 12.546610   0.0000000E+00   0.0000000E+00   0.0000000E+00
 12.745763   0.0000000E+00   0.0000000E+00   0.0000000E+00
 12.944915   0.0000000E+00   0.0000000E+00   0.0000000E+00
 13.144068   0.0000000E+00   0.0000000E+00   0.0000000E+00
 13.343220   0.0000000E+00   0.0000000E+00   0.0000000E+00
 13.542373   0.0000000E+00   0.0000000E+00   0.0000000E+00
 13.741525   0.0000000E+00   0.0000000E+00   0.0000000E+00
 13.940678   0.0000000E+00   0.0000000E+00   0.0000000E+00
 14.139831   0.0000000E+00   0.0000000E+00   0.0000000E+00
 14.338983   0.0000000E+00   0.0000000E+00   0.0000000E+00
 14.538136   0.0000000E+00   0.0000000E+00   0.0000000E+00
 14.737288   0.0000000E+00   0.0000000E+00   0.0000000E+00
 14.936441   0.0000000E+00   0.0000000E+00   0.0000000E+00
 15.135593   0.0000000E+00   0.0000000E+00   0.0000000E+00
 15.334746   0.0000000E+00   0.0000000E+00   0.0000000E+00
 15.533898   0.0000000E+00   0.0000000E+00   0.0000000E+00
 15.733051   0.0000000E+00   0.0000000E+00   0.0000000E+00
 15.932203   0.0000000E+00   0.0000000E+00   0.0000000E+00
 16.131356   0.0000000E+00   0.0000000E+00   0.0000000E+00
 16.330508   0.0000000E+00   0.0000000E+00   0.0000000E+00
 16.529661   0.0000000E+00   0.0000000E+00   0.0000000E+00
 16.728814   0.0000000E+00   0.0000000E+00   0.0000000E+00
 16.927966   0.0000000E+00   0.0000000E+00   0.0000000E+00
 17.127119   0.0000000E+00   0.0000000E+00   0.0000000E+00
 17.326271   0.0000000E+00   0.0000000E+00   0.0000000E+00
 17.525424   0.0000000E+00   0.0000000E+00   0.0000000E+00
 17.724576   0.0000000E+00   0.0000000E+00   0.0000000E+00
 17.923729   0.0000000E+00   0.0000000E+00   0.0000000E+00
 18.122881   0.0000000E+00   0.0000000E+00   0.0000000E+00
 18.322034   0.0000000E+00   0.0000000E+00   0.0000000E+00
 18.521186   0.0000000E+00   0.0000000E+00   0.0000000E+00
 18.720339   0.0000000E+00   0.0000000E+00   0.0000000E+00
 18.919492   0.0000000E+00   0.0000000E+00   0.0000000E+00
 19.118644   0.0000000E+00   0.0000000E+00   0.0000000E+00
 19.317797   0.0000000E+00   0.0000000E+00   0.0000000E+00
 19.516949   0.0000000E+00   0.0000000E+00   0.0000000E+00
 19.716102   0.0000000E+00   0.0000000E+00   0.0000000E+00
 19.915254   0.0000000E+00   0.0000000E+00   0.0000000E+00
 20.114407   0.0000000E+00   0.0000000E+00   0.0000000E+00
 20.313559   0.0000000E+00   0.0000000E+00   0.0000000E+00
 20.512712   0.0000000E+00   0.0000000E+00   0.0000000E+00
 20.711864   0.0000000E+00   0.0000000E+00   0.0000000E+00
 20.911017   0.0000000E+00   0.0000000E+00   0.0000000E+00
 21.110169   0.0000000E+00   0.0000000E+00   0.0000000E+00
 21.309322   0.0000000E+00   0.0000000E+00   0.0000000E+00
 21.508475   0.0000000E+00   0.0000000E+00   0.0000000E+00
 21.707627   0.0000000E+00   0.0000000E+00   0.0000000E+00
 21.906780   0.0000000E+00   0.0000000E+00   0.0000000E+00
 22.105932   0.0000000E+00   0.0000000E+00   0.0000000E+00
 22.305085   0.0000000E+00   0.0000000E+00   0.0000000E+00
 22.504237   0.0000000E+00   0.0000000E+00   0.0000000E+00
 22.703390   0.0000000E+00   0.0000000E+00   0.0000000E+00
 22.902542   0.0000000E+00   0.0000000E+00   0.0000000E+00
 23.101695   0.0000000E+00   0.0000000E+00   0.0000000E+00
 23.300847   0.0000000E+00   0.0000000E+00   0.0000000E+00
 23.500000   0.0000000E+00   0.0000000E+00   0.0000000E+00
 23.699153   0.0000000E+00   0.0000000E+00   0.0000000E+00
 23.898305   0.0000000E+00   0.0000000E+00   0.0000000E+00
 24.097458   0.0000000E+00   0.0000000E+00   0.0000000E+00
 24.296610   0.0000000E+00   0.0000000E+00   0.0000000E+00
 24.495763   0.0000000E+00   0.0000000E+00   0.0000000E+00
 24.694915   0.0000000E+00   0.0000000E+00   0.0000000E+00
 24.894068   0.0000000E+00   0.0000000E+00   0.0000000E+00
 25.093220   0.0000000E+00   0.0000000E+00   0.0000000E+00
 25.292373   0.0000000E+00   0.0000000E+00   0.0000000E+00
 25.491525   0.0000000E+00   0.0000000E+00   0.0000000E+00
 25.690678   0.0000000E+00   0.0000000E+00   0.0000000E+00
 25.889831   0.0000000E+00   0.0000000E+00   0.0000000E+00
 26.088983   0.0000000E+00   0.0000000E+00   0.0000000E+00
 26.288136   0.0000000E+00   0.0000000E+00   0.0000000E+00
 26.487288   0.0000000E+00   0.0000000E+00   0.0000000E+00
 26.686441   0.0000000E+00   0.0000000E+00   0.0000000E+00
 26.885593   0.0000000E+00   0.0000000E+00   0.0000000E+00
 27.084746   0.0000000E+00   0.0000000E+00   0.0000000E+00
 27.283898   0.0000000E+00   0.0000000E+00   0.0000000E+00
 27.483051   0.0000000E+00   0.0000000E+00   0.0000000E+00
