3.474549921918367909e+04 3.019391981323557411e+04 2.628620051642006001e+04 2.455596993277333604e+04 2.182491815484089602e+04 1.823216587272842662e+04 1.717521583972280860e+04 1.554402327315281764e+04 1.502867246521862762e+04 1.436054684728200664e+04 1.394998813191705995e+04 1.397259082293723441e+04 1.412379713521722078e+04 1.463929642514888656e+04 1.562064956856692879e+04 1.643954589884696179e+04 1.783970515661653189e+04 1.893131877561310830e+04 2.090357718678335732e+04 2.322936919158802993e+04
3.630543979678849428e+04 3.170962253519623482e+04 2.742862329468643657e+04 2.452391972145638283e+04 2.251223425004587261e+04 1.979324208094142523e+04 1.763084061488348379e+04 1.672125030993833570e+04 1.536448472306090480e+04 1.447378371051023350e+04 1.394626627479626040e+04 1.387012172262034437e+04 1.424692038244612013e+04 1.470616376577180199e+04 1.520774194118572450e+04 1.616540026256846613e+04 1.753291321702103232e+04 1.897593252885893889e+04 2.044844530728555037e+04 2.188452214884499699e+04
3.901347603501108824e+04 3.387723423574009939e+04 3.073022789746342096e+04 2.580978092492413271e+04 2.284938616612254555e+04 2.029308514547259256e+04 1.768607419894105624e+04 1.691677239079413266e+04 1.562887442692711738e+04 1.463309591817883665e+04 1.404346023359538412e+04 1.391559037792998424e+04 1.401844356048008194e+04 1.436587376606567341e+04 1.519827907897218392e+04 1.587064350085060687e+04 1.747398160948261648e+04 1.788201913123134364e+04 2.005326976811275745e+04 2.218581529100392800e+04
4.021147683789298753e+04 3.449546928271744400e+04 2.939817638268253722e+04 2.677804182542445051e+04 2.449814707839483526e+04 2.056105092018321375e+04 1.889601873184306532e+04 1.720462932321257540e+04 1.591396598001389248e+04 1.500203703762875557e+04 1.415467618120511543e+04 1.395052506580927366e+04 1.395890167373671648e+04 1.436095460803971582e+04 1.508081313815830072e+04 1.537624263482999413e+04 1.673883455932031211e+04 1.778923401214797195e+04 1.952408460682244186e+04 2.131775064723546166e+04
4.096942341983380902e+04 3.603441526793784578e+04 3.324576061211658089e+04 2.744749741725784406e+04 2.409960656475160067e+04 2.304087226948435273e+04 1.938677075055901514e+04 1.747511402375766920e+04 1.627623685240353734e+04 1.510917852807940289e+04 1.435373062914393449e+04 1.396350958996167901e+04 1.393083749518021250e+04 1.421434978751079143e+04 1.463276989079779196e+04 1.569115445652634480e+04 1.667701342537010714e+04 1.794030797254724530e+04 1.963416987913321645e+04 2.021183785517760771e+04
4.284585030289810675e+04 3.711515301545377588e+04 3.290435193301363324e+04 2.901899505336755828e+04 2.404740586678070395e+04 2.441246798492027665e+04 2.104170376855166614e+04 1.812238488599458651e+04 1.693524852575620025e+04 1.519298657071459456e+04 1.450348754298510175e+04 1.410387764218620578e+04 1.396513782818224536e+04 1.418700372216827054e+04 1.475314715009326028e+04 1.528673208896363030e+04 1.694846403631470457e+04 1.799172580797744376e+04 1.917197286992676527e+04 2.017333634580700527e+04
3.971244603061046655e+04 3.867096628274073009e+04 3.315009959581712610e+04 2.786589039838564713e+04 2.628187001875765418e+04 2.251859034216773944e+04 1.887351988532679752e+04 1.846741012147959555e+04 1.654177866523715056e+04 1.527414136327591041e+04 1.503398464255621730e+04 1.422192867289966489e+04 1.399787508293975407e+04 1.408354630071638530e+04 1.499301681769918105e+04 1.551733954919005919e+04 1.616951805599690670e+04 1.715312936617834930e+04 1.896615355008617189e+04 1.954852267069244044e+04
4.478307847208993189e+04 3.959167176252951322e+04 3.514192119323256338e+04 3.020401492479643275e+04 2.699294565140617124e+04 2.326825298225718143e+04 2.035603536676490694e+04 1.932808193402628604e+04 1.710421458717885253e+04 1.607105194308364116e+04 1.490065753794968623e+04 1.437489719187393712e+04 1.417150709457697121e+04 1.419782685479433167e+04 1.467494674748647412e+04 1.536398985125635954e+04 1.586251874115221108e+04 1.746678271537126420e+04 1.901377760332458274e+04 2.002806583136592963e+04
4.469748925209818844e+04 3.888212866411356663e+04 3.368657786474766181e+04 3.017475518637897403e+04 2.665658523336642975e+04 2.530792479140423529e+04 2.109545973233976474e+04 1.903332056111948623e+04 1.739280129278657841e+04 1.612546121944149309e+04 1.501716993070049466e+04 1.433178622219009958e+04 1.413976136016092096e+04 1.412738411233846273e+04 1.437248105416614271e+04 1.507351546128903829e+04 1.575076473842359519e+04 1.725229226952767931e+04 1.927623556238452875e+04 1.979026206657507646e+04
4.811640688948001480e+04 3.763963230300955911e+04 3.640997550300272269e+04 3.513186317510740628e+04 2.879374762574822671e+04 2.600262798093594392e+04 2.192507019692449103e+04 2.002925259092360284e+04 1.712828444567325278e+04 1.598650198500586339e+04 1.543405480869108578e+04 1.459116167484344260e+04 1.412260004851748999e+04 1.408779245393961173e+04 1.439574834757099052e+04 1.504962733565009148e+04 1.570092861689134952e+04 1.712105416319236247e+04 1.849094276566254484e+04 2.044600746860267827e+04
4.775366049534369085e+04 4.203666969514457742e+04 3.638334613410815655e+04 3.248737109061908632e+04 2.598679613129116115e+04 2.546746070947365297e+04 2.157713639761038212e+04 1.907611016046944496e+04 1.750850351715921715e+04 1.693465191870604394e+04 1.537542139225024584e+04 1.446346427990736447e+04 1.415669845619760963e+04 1.408868355184517532e+04 1.435895877940563332e+04 1.485925193249454423e+04 1.555065938607504359e+04 1.649740926882181520e+04 1.806107818382538608e+04 1.960592925373648177e+04
4.694720162345385324e+04 4.224242145418271684e+04 3.796282408834628586e+04 3.244454040841575261e+04 2.913606125256083760e+04 2.475100998729430285e+04 2.184328350187846809e+04 1.970481179745630652e+04 1.806283877166296224e+04 1.611197986808145288e+04 1.545681454033421687e+04 1.461611587757430425e+04 1.418776305240370493e+04 1.419432736520287290e+04 1.447093030675327645e+04 1.491272356230711011e+04 1.534614576333952573e+04 1.668802494548677714e+04 1.801845886129193968e+04 1.912038515788045333e+04
4.703947933367202495e+04 4.479774030076737108e+04 3.646019150395275210e+04 3.405217446450315765e+04 2.867981039948621037e+04 2.602338165468822990e+04 2.358134040257685047e+04 1.928756730462996347e+04 1.810917066145622812e+04 1.650773555609059258e+04 1.527369820879143299e+04 1.464813736644730307e+04 1.424461153149290112e+04 1.412578949288975127e+04 1.434025196355904336e+04 1.488609923155739307e+04 1.553704737409799054e+04 1.656503742210493874e+04 1.827137321950219848e+04 1.996068073763514985e+04
5.020450835012141761e+04 4.305057249922949995e+04 3.858867781265870144e+04 3.309450465418957174e+04 2.849516271124346167e+04 2.679377625470530620e+04 2.155197419145334425e+04 2.056934597931028839e+04 1.852329032438793001e+04 1.671203099742890481e+04 1.586969383937278144e+04 1.472532875963341939e+04 1.429788478057619068e+04 1.419976901444149189e+04 1.436820770564843224e+04 1.500933901460537709e+04 1.585566717104045165e+04 1.648176348300176323e+04 1.786123551044300984e+04 1.918947698652767940e+04
5.046487767144694226e+04 4.386408665437699528e+04 4.018432056858202122e+04 3.467367375424134661e+04 3.131730597476597541e+04 2.533410662391978985e+04 2.332779065268297927e+04 2.084251335752621890e+04 1.897084117789301672e+04 1.716615402049657496e+04 1.618468195452638975e+04 1.521861667017663422e+04 1.433494987930439129e+04 1.415951518317077898e+04 1.423981306369463891e+04 1.491187296493387112e+04 1.539775422793133839e+04 1.652132431858007840e+04 1.806367093341075451e+04 1.931168131488668223e+04
5.010552458417102753e+04 4.357499009517707600e+04 3.851308999137178034e+04 3.482285571617224196e+04 3.012419967402782640e+04 2.575972631177864969e+04 2.375835825608362211e+04 2.075223644758325827e+04 1.927187887440263876e+04 1.735795919399371996e+04 1.608846751190423129e+04 1.511757042532769992e+04 1.433685042205510763e+04 1.422211169533273642e+04 1.428761402790999637e+04 1.479292734317490249e+04 1.562275779132816388e+04 1.675144446741087813e+04 1.854077864243075237e+04 1.930455556655582404e+04
5.341644628065902361e+04 4.327163848234345642e+04 3.997098238083242177e+04 3.411395871340659505e+04 3.088616066847402544e+04 2.649553571235104755e+04 2.233445686074496189e+04 2.164629352533768179e+04 1.864657542581548842e+04 1.686949362249449769e+04 1.600941791971447128e+04 1.490797153702654941e+04 1.441356668680537405e+04 1.421527440428857881e+04 1.425915624532857146e+04 1.464481989027630516e+04 1.582582866732246475e+04 1.658864546185265863e+04 1.744410201776605754e+04 1.936676318199646630e+04
4.912721946051093255e+04 4.728839787531362526e+04 4.029669365645935613e+04 3.572839725673335488e+04 3.200195037661718743e+04 2.673523982114683895e+04 2.283630821130813274e+04 2.110395583742957751e+04 1.968685319397813510e+04 1.722357639413491779e+04 1.605022126039887371e+04 1.478672114147592947e+04 1.442165738106111348e+04 1.421821654588831552e+04 1.427115721682773074e+04 1.461035344584435734e+04 1.573518920634736969e+04 1.644357393169364150e+04 1.723476639584308577e+04 1.852012598550699477e+04
5.340646787535738986e+04 4.188972264999856270e+04 4.249612145087555109e+04 3.455696958197804634e+04 2.910628117164926516e+04 2.736471140557547551e+04 2.201193907051124552e+04 2.127757916970254155e+04 2.021606939536195569e+04 1.692063175431603668e+04 1.563694690881408314e+04 1.486041542493431007e+04 1.459573001212231247e+04 1.420974057380247905e+04 1.425719222929141324e+04 1.468426431840902114e+04 1.518645483182772477e+04 1.626084826749690183e+04 1.808749580756597061e+04 1.918108289680071539e+04
5.386926312885136576e+04 4.827964247210690519e+04 3.785847549574855657e+04 3.531320315996131831e+04 3.029540999990640194e+04 2.683508665079345519e+04 2.370361051663941180e+04 2.130617972087658927e+04 2.073385431656142100e+04 1.753066505360341034e+04 1.612788295418321650e+04 1.499715554552033063e+04 1.444921513488458550e+04 1.424241101453825104e+04 1.431755581097099457e+04 1.481188352423268952e+04 1.563159929067674420e+04 1.648336817978158797e+04 1.747283471033204478e+04 1.912066542451147325e+04
