1.401505846296490563e+04 1.401312581287214198e+04 1.393456733894643367e+04 1.398100826705375221e+04 1.388433815818113544e+04 1.392118077819597420e+04 1.388712533665375122e+04 1.392927578880431975e+04 1.396407135952576209e+04 1.405852348311761307e+04 1.393046008162854378e+04 1.409660331854553078e+04 1.413723878595596398e+04 1.427031884971249383e+04 1.440245568749624181e+04 1.429673901280735299e+04 1.475822802061735274e+04 1.475630954034336719e+04 1.518654206209283439e+04 1.491463432208801169e+04
1.420624430391243186e+04 1.414068754181718577e+04 1.417173063826128418e+04 1.410637557596101760e+04 1.395770608912381249e+04 1.388132911938753023e+04 1.386844546371614342e+04 1.388537138326994136e+04 1.388768482944560310e+04 1.399814604460459304e+04 1.393024498697654417e+04 1.401919120977620878e+04 1.413139237865412542e+04 1.429539120288940649e+04 1.424377423136931793e+04 1.443775392226967415e+04 1.464046194566627673e+04 1.480734888576509911e+04 1.476695624115677856e+04 1.476107412563101570e+04
1.441030956782665817e+04 1.426692718478866118e+04 1.423461433149342884e+04 1.411821300171609073e+04 1.404426706949302570e+04 1.402302580566052893e+04 1.393872009722113398e+04 1.393630224804012687e+04 1.393707613491957272e+04 1.390469634904423765e+04 1.392821034118684111e+04 1.400434744780240908e+04 1.397585628812098184e+04 1.409823254208135586e+04 1.421112976458850790e+04 1.437308087040815008e+04 1.433756710468383062e+04 1.457134288210393788e+04 1.439684793616788556e+04 1.458847975885778033e+04
1.460026384175241947e+04 1.422801050387988653e+04 1.436702509447696139e+04 1.410304665525658493e+04 1.422052519923192995e+04 1.406190814905109255e+04 1.398106908228166685e+04 1.391417893365394048e+04 1.390575386877330493e+04 1.393759548703683868e+04 1.393389962953819486e+04 1.391932184287048040e+04 1.390109070655386495e+04 1.398959104964716971e+04 1.413255781045343792e+04 1.419363047046710926e+04 1.425332173247119317e+04 1.434446454962824828e+04 1.459791235977145152e+04 1.436177784209691890e+04
1.457462480380629859e+04 1.459809106852388868e+04 1.445331817455870805e+04 1.443234936915306935e+04 1.422571320996229406e+04 1.414702007861944912e+04 1.404299930205635792e+04 1.414837848877886427e+04 1.401290834934356644e+04 1.397951784345517626e+04 1.395309338681148074e+04 1.394927477556697522e+04 1.407495279639199362e+04 1.404472794706315653e+04 1.401969968247195720e+04 1.412825586783337531e+04 1.413939768280986391e+04 1.415191074199854484e+04 1.442150135797221810e+04 1.466632227192974642e+04
1.525475009393251821e+04 1.474891903115630339e+04 1.480495359842033577e+04 1.459512729522484551e+04 1.432141674329167290e+04 1.428296416223376764e+04 1.425834763676891635e+04 1.406683038932948330e+04 1.402954781521691257e+04 1.395768239810086925e+04 1.401944842848810003e+04 1.401292389554625152e+04 1.400016046394475597e+04 1.397363241630777156e+04 1.408957318658456461e+04 1.402386412193134311e+04 1.406867840938544032e+04 1.412391340233877963e+04 1.416606375630968978e+04 1.441198263130395026e+04
1.501222463205608619e+04 1.510909558233373900e+04 1.511044258935081234e+04 1.445592444463806169e+04 1.467989526839070095e+04 1.450425677740986976e+04 1.439006975766496180e+04 1.420551786216721484e+04 1.432735703206924700e+04 1.410721151558293059e+04 1.404286940535329450e+04 1.403428391017683498e+04 1.404667546062905967e+04 1.397795477867094996e+04 1.401262063852694700e+04 1.412091524583609680e+04 1.411218054856116760e+04 1.408413552672472542e+04 1.432971377109379864e+04 1.441303088544740422e+04
1.508759881834592852e+04 1.499235822975590054e+04 1.490946034570300981e+04 1.489068555865564304e+04 1.486121238090672523e+04 1.468167621426255391e+04 1.442702339043149732e+04 1.438988790767481623e+04 1.423152345634034464e+04 1.425695869685400430e+04 1.419052720417956334e+04 1.405621391749925169e+04 1.403306028267469628e+04 1.405733704664909965e+04 1.400732629822627678e+04 1.405808270935369546e+04 1.406141173617639834e+04 1.411136268337996262e+04 1.415888702103360629e+04 1.435295571311269123e+04
1.527073162445938942e+04 1.544281143614355642e+04 1.544843503539945414e+04 1.510973809965373039e+04 1.487843517836045066e+04 1.462537638237569990e+04 1.441474736905869213e+04 1.440242486082392497e+04 1.445714738256582314e+04 1.410290240233287477e+04 1.412335784125553619e+04 1.413855024213538309e+04 1.409800934746375970e+04 1.407850231279544278e+04 1.408500238226676447e+04 1.405853857806449560e+04 1.411594785921632501e+04 1.427234428993233269e+04 1.418947046568206133e+04 1.425881110318258470e+04
1.607107293282325918e+04 1.593900909965803839e+04 1.519309801075732321e+04 1.509010982133799916e+04 1.474717341109779227e+04 1.454188919512671600e+04 1.474731203140409161e+04 1.449775715393652172e+04 1.462839409231521859e+04 1.449556390880424260e+04 1.412430320535721512e+04 1.420291807177295414e+04 1.412707096898552300e+04 1.411077738895731818e+04 1.407289879042805114e+04 1.410016310257517944e+04 1.416461279790754088e+04 1.412338064315893280e+04 1.422859477757137392e+04 1.422152229938629353e+04
1.607418769583927315e+04 1.545333009683742421e+04 1.513709296230587825e+04 1.514167908222061124e+04 1.514136904286950448e+04 1.479519183789706040e+04 1.464742289882184014e+04 1.476606520688559249e+04 1.441519364127565859e+04 1.437411012532762470e+04 1.412558753918233924e+04 1.440668731821644906e+04 1.418791043857422846e+04 1.417396301096367097e+04 1.412993285970624311e+04 1.414916355169851522e+04 1.413785544416607081e+04 1.413719435824875654e+04 1.413326996057020369e+04 1.417717100294187185e+04
1.602678986846521184e+04 1.680523260386001857e+04 1.550212717998368498e+04 1.552237247863712037e+04 1.515452866218802592e+04 1.508334194081917849e+04 1.496549206164324096e+04 1.456909735495297173e+04 1.449805442885008779e+04 1.442895212068009823e+04 1.445899695235013678e+04 1.435628321287873950e+04 1.442216211550151820e+04 1.420247652214129448e+04 1.413437971577598364e+04 1.414036184990275433e+04 1.415420218626962924e+04 1.417568904576263412e+04 1.413811694462821106e+04 1.418366558692588296e+04
1.592026039734229744e+04 1.552842500179635499e+04 1.569475121545071124e+04 1.495417944281225755e+04 1.526583462687206884e+04 1.501943763867579401e+04 1.466583376564997343e+04 1.475123755808005990e+04 1.497977052675464984e+04 1.448583879936339690e+04 1.460011089325651119e+04 1.457051217058146358e+04 1.424638836753977012e+04 1.425817598068104417e+04 1.421723880541637118e+04 1.419039814127835416e+04 1.415341164658750859e+04 1.418558178359687736e+04 1.418908162766263740e+04 1.420517656288530998e+04
1.634222686355146107e+04 1.620144410875296671e+04 1.606643005275222640e+04 1.567261792223411976e+04 1.546676910683564711e+04 1.522733273864186413e+04 1.490609582654618862e+04 1.495692456578351266e+04 1.468833964922391169e+04 1.478059192049755802e+04 1.446656505093524356e+04 1.451116361129863617e+04 1.432641408174438766e+04 1.435755451654849458e+04 1.420849557541652030e+04 1.418634056408739889e+04 1.418859111647622922e+04 1.418887491477750882e+04 1.418933246373413385e+04 1.431525757163509661e+04
1.611061897953046537e+04 1.596776089649922869e+04 1.557921430854617392e+04 1.579297804085950338e+04 1.549170535689344069e+04 1.523304133066444410e+04 1.489854114940188992e+04 1.512843627512603598e+04 1.479411450898123076e+04 1.468053308240921615e+04 1.456562211051789018e+04 1.453334507776626378e+04 1.437849736001823294e+04 1.432047331450348611e+04 1.428458650854560983e+04 1.419691926154043176e+04 1.433123228438184742e+04 1.421988527608432378e+04 1.422585361587880288e+04 1.420536786200248207e+04
1.670128133390983930e+04 1.658164594200130523e+04 1.615991120446702007e+04 1.638863012427230933e+04 1.541312934348634190e+04 1.553430859065304139e+04 1.508149316277661092e+04 1.508222332709339571e+04 1.508627993308263103e+04 1.473310643027453625e+04 1.464895833324743035e+04 1.442748793478728294e+04 1.438276718544866708e+04 1.425765748162071577e+04 1.422408869168548517e+04 1.421259687561683313e+04 1.422285202535907410e+04 1.422494982100575362e+04 1.420717084702703687e+04 1.421247961861842123e+04
1.668186826582178401e+04 1.684385733204029384e+04 1.598841759631826244e+04 1.547214442716878330e+04 1.531193154136818703e+04 1.521659585873116157e+04 1.510839750685420222e+04 1.499238432192796972e+04 1.460048846258401682e+04 1.452947802499581667e+04 1.459505873687111671e+04 1.471339418707642835e+04 1.428252702635840251e+04 1.425723409335547149e+04 1.433577887561851276e+04 1.426442130999546316e+04 1.422356349442847750e+04 1.422611516629698599e+04 1.430751370910028163e+04 1.426069527652273246e+04
1.709266605971454555e+04 1.608756689056670439e+04 1.680690996854102923e+04 1.549452342613253313e+04 1.580641078160065081e+04 1.529218341388867157e+04 1.538034511722513525e+04 1.557398050479812264e+04 1.524584945191549741e+04 1.479139056951960083e+04 1.468319301600550170e+04 1.459695222200025091e+04 1.451810289538114557e+04 1.459114279050374898e+04 1.440801582802843041e+04 1.440925772748753843e+04 1.427146984820598118e+04 1.426188052754014097e+04 1.423779138711828818e+04 1.427198186932809404e+04
1.688343073586740502e+04 1.639499059842772476e+04 1.595679188292723666e+04 1.583959144824073519e+04 1.579160652088721145e+04 1.531100612910397467e+04 1.508955692171495502e+04 1.491587776119763112e+04 1.493509011190308956e+04 1.476781329221419583e+04 1.462724072790300670e+04 1.442411471692273335e+04 1.480350083193541286e+04 1.458660323997388878e+04 1.460493431064946526e+04 1.430663780052322363e+04 1.425429430622161090e+04 1.420419395821609942e+04 1.429242337995889648e+04 1.431775247130436037e+04
1.624776041996017557e+04 1.623802735425109677e+04 1.598040125203806201e+04 1.626052634545825276e+04 1.594335560179934691e+04 1.531919476169311019e+04 1.576586116553522152e+04 1.500588593762552227e+04 1.554674187411342791e+04 1.470714317883485273e+04 1.457044831820764739e+04 1.459676565100038897e+04 1.464530482321874115e+04 1.445744076993456110e+04 1.430234857470544011e+04 1.431099992337899675e+04 1.431646341114929965e+04 1.435216988494729048e+04 1.430350115984827789e+04 1.429748866988949521e+04
