1.438512483975169562e+04 1.424789293753626043e+04 1.452603149067440791e+04 1.445991818062768289e+04 1.456281482408002012e+04 1.515418143318372677e+04 1.530792326460542972e+04 1.518594401065951388e+04 1.551201937825537243e+04 1.543750559123170387e+04 1.577284283622739349e+04 1.622986224435703116e+04 1.664097931046682424e+04 1.635214793043158352e+04 1.610798920803941837e+04 1.687328660668940938e+04 1.692575744929546636e+04 1.751526503974519073e+04 1.726057258351327619e+04 1.750308502333440265e+04
1.418805911684561943e+04 1.424591716386225380e+04 1.445400432143120088e+04 1.454720243339581975e+04 1.433438890295226156e+04 1.487641300075725121e+04 1.460366153941723678e+04 1.527707761252799173e+04 1.529398101774165116e+04 1.542082352265438203e+04 1.554347948585598533e+04 1.604356286807979086e+04 1.627398853971207063e+04 1.684704405304366810e+04 1.644250276349361593e+04 1.698020700027791827e+04 1.627754778322318452e+04 1.673575978290603962e+04 1.754945291459687360e+04 1.710568751945873737e+04
1.410407288126015555e+04 1.401464815529055886e+04 1.412767258115567347e+04 1.460037858029740164e+04 1.445273640902506304e+04 1.470661213624507400e+04 1.484668814611082053e+04 1.505613996334335752e+04 1.505759833005848850e+04 1.548911089061877283e+04 1.570988336179736143e+04 1.569607993463826642e+04 1.585153402241776894e+04 1.627091825407021679e+04 1.584977635869773621e+04 1.554755927895428067e+04 1.573750544738054123e+04 1.621627845643267028e+04 1.640280306232616931e+04 1.709013584823671044e+04
1.398837769070132163e+04 1.404465254789244318e+04 1.433649521566544172e+04 1.446295531804672646e+04 1.475586054821913058e+04 1.452758598251938565e+04 1.465114427422588233e+04 1.474986058886125102e+04 1.466658476373998383e+04 1.549969583032209448e+04 1.540052297877371348e+04 1.559028754507117083e+04 1.539425828042966532e+04 1.565081378415745894e+04 1.595472055536267362e+04 1.567419475151481856e+04 1.607006023053580611e+04 1.600315356768875608e+04 1.612756449599544067e+04 1.642811145302427030e+04
1.392931990996173408e+04 1.409809087431812986e+04 1.407370524643867248e+04 1.435515003854178758e+04 1.450606032162828706e+04 1.436682299461349066e+04 1.447912416814475000e+04 1.471216721355292066e+04 1.490891437864951149e+04 1.519040568400505981e+04 1.498112780977125294e+04 1.499535140561909429e+04 1.551050430737060196e+04 1.587054324722402816e+04 1.541674909965054030e+04 1.573265027833086242e+04 1.529368346632381144e+04 1.588699954679286202e+04 1.584954525503642253e+04 1.566434964289486379e+04
1.394492863804863191e+04 1.399562484471615608e+04 1.400092869601624625e+04 1.417466802363499482e+04 1.420495378029534368e+04 1.442585020873034773e+04 1.463023220195232898e+04 1.430720199580398366e+04 1.449465586551359957e+04 1.488235644205187964e+04 1.486088086441513042e+04 1.525195284665031249e+04 1.489578533152074306e+04 1.556636493486366271e+04 1.523995693019779355e+04 1.549900188924503891e+04 1.504856586567768318e+04 1.597716307198262984e+04 1.557207335216593310e+04 1.572449336351692000e+04
1.385598755275498843e+04 1.385697979386019870e+04 1.410682260731384849e+04 1.394870716774727407e+04 1.411200422461904964e+04 1.401352643993807396e+04 1.446877403066477746e+04 1.453910663423462029e+04 1.452586081793923404e+04 1.448539006307878117e+04 1.467085452872089263e+04 1.514227966863278380e+04 1.510367152172638635e+04 1.517564946747009708e+04 1.509138836946930132e+04 1.470056752589541247e+04 1.490853181202190171e+04 1.551018047239688167e+04 1.583678427320880110e+04 1.593535791242120467e+04
1.385403271915486039e+04 1.380254465218351834e+04 1.400955789721166002e+04 1.398798481756397086e+04 1.408931218331908713e+04 1.408594069186406887e+04 1.424093947804578420e+04 1.438141128556734293e+04 1.461863346533293770e+04 1.445060571103243637e+04 1.456781034006492155e+04 1.455503849761238052e+04 1.499659026369532148e+04 1.479933452574353032e+04 1.480347278207544150e+04 1.504240413091179107e+04 1.504641765564376874e+04 1.514924533793602495e+04 1.552120640599011131e+04 1.524025236276351825e+04
1.380402872244509490e+04 1.383083875383499617e+04 1.395865366816132519e+04 1.389180207171746042e+04 1.410831470966750021e+04 1.406204322139535179e+04 1.424824984176641738e+04 1.420000048197090473e+04 1.423187348942084282e+04 1.447466672193466911e+04 1.460934566552783872e+04 1.474122120654594801e+04 1.488557194958854416e+04 1.465526556449485543e+04 1.464398660828843094e+04 1.492839849109702845e+04 1.481991797241664608e+04 1.521865920687539983e+04 1.540042761476084343e+04 1.531621140931305854e+04
1.382076691949431370e+04 1.380406576774647510e+04 1.384531448455125974e+04 1.392010844912831453e+04 1.390973276596245523e+04 1.401585207186576736e+04 1.405925345746475978e+04 1.410985547743930692e+04 1.426180309795643916e+04 1.428507764518839576e+04 1.435297825158360683e+04 1.441732430055665645e+04 1.473146842738744272e+04 1.472199324470197098e+04 1.476334750370155598e+04 1.476339096855845310e+04 1.452872063127506044e+04 1.482617714454436282e+04 1.484432935892906062e+04 1.502374367311567585e+04
1.384805471924386438e+04 1.387556869864170221e+04 1.384373842209897157e+04 1.386618505337236093e+04 1.387903524581578858e+04 1.389817315538135517e+04 1.400171689343933031e+04 1.414514129015168692e+04 1.427863979301094150e+04 1.432671644200354785e+04 1.424502773697118391e+04 1.418564801843429268e+04 1.468222148317415667e+04 1.464550640771847975e+04 1.476026486904477133e+04 1.422433142448963372e+04 1.473253898371671858e+04 1.488710376783348511e+04 1.474392655999664203e+04 1.513869101907457843e+04
1.388638370612213293e+04 1.383448507233224882e+04 1.383355388964288250e+04 1.384740802099692519e+04 1.394867150567194585e+04 1.395403897971509468e+04 1.393620009887704873e+04 1.392832928600679224e+04 1.428830960126827813e+04 1.426658343015566243e+04 1.450038073705886563e+04 1.437031700786906549e+04 1.415206219812780182e+04 1.421317391301165662e+04 1.429343532719866198e+04 1.449227358608223949e+04 1.464288855367878932e+04 1.452115597297084787e+04 1.475181370773364870e+04 1.490081127781486248e+04
1.382803855615805696e+04 1.385221700025322207e+04 1.385309745791441856e+04 1.391302891259361968e+04 1.391211157330747119e+04 1.402613063288866033e+04 1.397156303300663058e+04 1.399907550637288841e+04 1.403740507052062094e+04 1.399426369463289302e+04 1.414514220454281349e+04 1.434411688647096889e+04 1.430941439930900924e+04 1.426622038919328406e+04 1.430503659100166260e+04 1.424240827854016425e+04 1.468145383408967064e+04 1.483857200187454873e+04 1.468542665401058184e+04 1.461229208241714878e+04
1.390937901284981308e+04 1.387507356736251677e+04 1.388890484011652734e+04 1.388188954541265048e+04 1.390366677002770302e+04 1.388961537221328217e+04 1.394984674353722949e+04 1.400207678835219667e+04 1.402481060476809762e+04 1.415757697876593375e+04 1.404024611550219379e+04 1.407629534539495580e+04 1.436608048752521245e+04 1.425832864606978910e+04 1.442222526484613809e+04 1.441364827053339468e+04 1.443872339793020365e+04 1.454100841357396166e+04 1.448217789900027310e+04 1.454002501347878206e+04
1.400244254647895104e+04 1.393295435756977167e+04 1.389962127851979312e+04 1.388325351671221870e+04 1.390146430689149929e+04 1.390649966540581227e+04 1.395156741026787677e+04 1.396289569849660984e+04 1.404468329873499351e+04 1.401563977169957980e+04 1.413793456789164156e+04 1.406312734923462085e+04 1.416879677559577431e+04 1.415628173159596554e+04 1.427309039375348766e+04 1.447747643920157316e+04 1.440617228632405750e+04 1.445792267088545123e+04 1.453505499326097743e+04 1.459665377564546543e+04
1.399839043025149294e+04 1.399241537664457792e+04 1.393957338131201686e+04 1.392104672284513435e+04 1.392492636204864357e+04 1.395829805348767695e+04 1.394552229147873186e+04 1.396957143841503785e+04 1.400812524184805261e+04 1.407143937856390221e+04 1.407445954958562106e+04 1.411904838603602911e+04 1.408092507831303556e+04 1.412482051041949671e+04 1.420916953929357260e+04 1.435567611645860234e+04 1.421270257413441504e+04 1.431312400155603973e+04 1.436864385228224091e+04 1.434957965532931485e+04
1.409282694182158593e+04 1.398653621677005503e+04 1.398115612097755366e+04 1.393119829338175623e+04 1.394686468466153019e+04 1.397975441188423792e+04 1.397790646816980006e+04 1.397883562478615386e+04 1.399057016801962709e+04 1.402202430402626487e+04 1.401232017001194981e+04 1.406356660075397485e+04 1.410685029857780319e+04 1.416927622497437733e+04 1.415538474813984794e+04 1.436459635304171206e+04 1.430849838436296704e+04 1.417382954667373633e+04 1.424030569900352020e+04 1.436062726902741815e+04
1.410057493611712562e+04 1.405290190236820490e+04 1.404532305611821721e+04 1.408936056282863137e+04 1.400772386199754692e+04 1.398652132023119339e+04 1.397901789038292918e+04 1.402184209658337022e+04 1.400222988639338109e+04 1.404639657447621539e+04 1.402703874573848225e+04 1.405084353525497500e+04 1.406879273192821529e+04 1.410594125238458764e+04 1.418948266045085256e+04 1.422458847426963621e+04 1.429755138000654188e+04 1.416629182661903178e+04 1.431831134197952815e+04 1.444044435866364074e+04
1.405885614882937080e+04 1.418383163747407889e+04 1.406145878435840859e+04 1.400567410604385077e+04 1.402870750543317990e+04 1.401170025921186789e+04 1.404526364205759819e+04 1.404577083985199715e+04 1.404889916686085235e+04 1.405070214992313413e+04 1.409169258798870578e+04 1.409260519003967056e+04 1.414194304216742057e+04 1.410014502516066568e+04 1.421454845334107995e+04 1.415274405398480667e+04 1.416848573462393324e+04 1.423741844845976266e+04 1.423300759844779168e+04 1.433702741586142474e+04
1.438752681451886929e+04 1.409312223992263898e+04 1.419316566245674949e+04 1.414482517206440934e+04 1.412692569635391919e+04 1.401864112901433509e+04 1.407662798479557568e+04 1.404018701972743656e+04 1.404431962857934923e+04 1.407131671153947536e+04 1.409141741900763191e+04 1.410601446454211327e+04 1.413765147064026314e+04 1.417702242543515058e+04 1.416433144231743427e+04 1.422150153585238331e+04 1.416331639071995778e+04 1.421488885135628516e+04 1.416279468868306867e+04 1.425499754791035957e+04
