5.749774297296317673e+04 5.127495232788848080e+04 4.301101917636334110e+04 3.956606568861110281e+04 3.476791928380091122e+04 2.774416046418045153e+04 2.562240224786695762e+04 2.293283865743388014e+04 1.986872658579780546e+04 1.786160316282214990e+04 1.620464599201856618e+04 1.514123359908943166e+04 1.419523271314809608e+04 1.358487789181778680e+04 1.359078376178462167e+04 1.372806681230385220e+04 1.462715156588780337e+04 1.537400842305834885e+04 1.583551924235725346e+04 1.802520097993691161e+04
5.463306779333033046e+04 4.910524527258539456e+04 4.402364799703321478e+04 3.638625614423664229e+04 3.127723758229709711e+04 2.803997640783146562e+04 2.495150291466279668e+04 2.093855554910969659e+04 2.013851603798956785e+04 1.754070893765347137e+04 1.555275224840325973e+04 1.480486880197533355e+04 1.400271142088626402e+04 1.360156564295434691e+04 1.365155595476805320e+04 1.393681660853861831e+04 1.472619403088936451e+04 1.550418052505247942e+04 1.651457627268798387e+04 1.793358678686031999e+04
5.074853414992013859e+04 4.663292204781003966e+04 4.222040006223218370e+04 3.764796665430025314e+04 3.100860720840197246e+04 2.685451387568500286e+04 2.414173683840052763e+04 2.153249723086305676e+04 1.864260895509223701e+04 1.671022274326786282e+04 1.566453520324854435e+04 1.478605702626948005e+04 1.384842785389592791e+04 1.363163449922222026e+04 1.371918957016110653e+04 1.426892558882315825e+04 1.480086403861637336e+04 1.589121158061254755e+04 1.666832922542641609e+04 1.871757066000439590e+04
4.962446977513980528e+04 4.346175251952916005e+04 4.062114162437029154e+04 3.527733123458881892e+04 3.147843888387826519e+04 2.717946840843845348e+04 2.374260491086585535e+04 2.064332481359728627e+04 1.868226210214742605e+04 1.676074844838098579e+04 1.508981311692103191e+04 1.433804801387177213e+04 1.374256572718991083e+04 1.365452912644305616e+04 1.375165403892614268e+04 1.449560673542553195e+04 1.494237344971578568e+04 1.639830076038838160e+04 1.759054209179773170e+04 1.911860261571272349e+04
5.087853551316151425e+04 4.370968374562346435e+04 4.108059065206676314e+04 3.320989207170869486e+04 2.886528911905786663e+04 2.495513564911537469e+04 2.370704171093066907e+04 1.986895461219697972e+04 1.836729634416342742e+04 1.648382405551311967e+04 1.529522463006174075e+04 1.447980872958602049e+04 1.393403089222924427e+04 1.368049789067697020e+04 1.386975935715064043e+04 1.422554068505004761e+04 1.540467371953315160e+04 1.603513271367038215e+04 1.780292425907343932e+04 1.890382478568427541e+04
4.745440773260268907e+04 4.081445824011484365e+04 3.719314408084091701e+04 3.416778376896584814e+04 2.912867799326130262e+04 2.344884020880177923e+04 2.267560882197330648e+04 1.941928544815510031e+04 1.815735967163140594e+04 1.604310372896982517e+04 1.469090908110086639e+04 1.403601032613629468e+04 1.373887155116933536e+04 1.376355233181390395e+04 1.394873865175068568e+04 1.446025358661010978e+04 1.547639908119169195e+04 1.663287912756506557e+04 1.773583616757279378e+04 1.920353177785140724e+04
4.692628253197733284e+04 3.976206057872432575e+04 3.466517768141060515e+04 3.182679731329073184e+04 2.771481044480946730e+04 2.555379404256511043e+04 2.182940924043017367e+04 1.900666010778658892e+04 1.763224138995839166e+04 1.614775059092983793e+04 1.486576541346888007e+04 1.410707339765431243e+04 1.378323980555373782e+04 1.376013004358512080e+04 1.403376445477974994e+04 1.453533316528848081e+04 1.548869492397304384e+04 1.647387937635615162e+04 1.822284410298465809e+04 1.936614374171686723e+04
4.489791048622129892e+04 3.839509646613452060e+04 3.613040761432064028e+04 3.195684961306377591e+04 2.625866264005447374e+04 2.246443371723548626e+04 2.219086537504090302e+04 1.811335316441959003e+04 1.725688013026850604e+04 1.553020410611884472e+04 1.459780287700554618e+04 1.419785948984248716e+04 1.378747537797959558e+04 1.387947803887904593e+04 1.440430173577895403e+04 1.470779608275758437e+04 1.573657751156532504e+04 1.687735410817694356e+04 1.863024252765463825e+04 2.021953984178259998e+04
4.440029119758623710e+04 3.782839612329895317e+04 3.330181280514688842e+04 3.009407798307655685e+04 2.627126145914317021e+04 2.296672776250828611e+04 2.168032644102411723e+04 1.887542533377198924e+04 1.693932844454864971e+04 1.559426822171899585e+04 1.467283433270878231e+04 1.395366907273427751e+04 1.376716929790343056e+04 1.387968968483408389e+04 1.420882594819339647e+04 1.469268068524499722e+04 1.588027817656095795e+04 1.686858680398801880e+04 1.879330091384837215e+04 2.047107742704300472e+04
4.360224654279272363e+04 3.696843839825812029e+04 3.185433621807876625e+04 2.938840835150414205e+04 2.478366086433361488e+04 2.294740522111445898e+04 2.034401110911516298e+04 1.858238131774686917e+04 1.636986151810371666e+04 1.498130268930665443e+04 1.447968397693318366e+04 1.398540642209435282e+04 1.381667812688984304e+04 1.402000272352867250e+04 1.447961344619262309e+04 1.510067337410881919e+04 1.599748161404653729e+04 1.789430591018858468e+04 1.914199861075373701e+04 2.100156114608550342e+04
4.357473079544353823e+04 3.552122546293935011e+04 3.199784434292086371e+04 2.761161762544654630e+04 2.541538144924770313e+04 2.132078654796351475e+04 1.945553670951326785e+04 1.712197635953238932e+04 1.659087617544089153e+04 1.505733704088053855e+04 1.450999676638231540e+04 1.391823092565033585e+04 1.381126740364939906e+04 1.408609922269606977e+04 1.481179299436777364e+04 1.518331820730638537e+04 1.598972604378989490e+04 1.742289303662264501e+04 1.977468250851954872e+04 2.068669193219659792e+04
4.008133236985042458e+04 3.554593176510311605e+04 2.955943408947628996e+04 2.766340968341008556e+04 2.439747038194908964e+04 2.135828439167107354e+04 1.928377846001875150e+04 1.775439075259401579e+04 1.601717818161894684e+04 1.529316169458375225e+04 1.429755868131416173e+04 1.390790491146679233e+04 1.385183986776326128e+04 1.408634579364978345e+04 1.465893189729940968e+04 1.562722919888494653e+04 1.675987530745986805e+04 1.747423105105280774e+04 1.945281804644847944e+04 2.125652735201225005e+04
3.919388268423441332e+04 3.413845734866154817e+04 3.089676512678209110e+04 2.660898016221270518e+04 2.450022454545882647e+04 2.134106196790343165e+04 1.852143539602418969e+04 1.736402903371710272e+04 1.595216384288829613e+04 1.473549736428344477e+04 1.400858237520603871e+04 1.387989635524792902e+04 1.396179444222269376e+04 1.452314067908934885e+04 1.501247511598485835e+04 1.559569758917133731e+04 1.631182731946958302e+04 1.756018835798064902e+04 1.894976509011773305e+04 2.165350671222184974e+04
3.687865968139844335e+04 3.263238949789331309e+04 2.997402189412763619e+04 2.560217242050781715e+04 2.302123600925543360e+04 2.033464002833686027e+04 1.843076376805632754e+04 1.690700112538921894e+04 1.594051296266115241e+04 1.493985340838982665e+04 1.408456825579676115e+04 1.389799142316552570e+04 1.393387096904198006e+04 1.441452299052032140e+04 1.494741990015192459e+04 1.627335158126965507e+04 1.647143483604923313e+04 1.843328570423473866e+04 2.022376928615506040e+04 2.166466442467267552e+04
3.672256334436263569e+04 3.371420253332549328e+04 2.856604851105748094e+04 2.531646515780865229e+04 2.210834948573894144e+04 2.027213861818066289e+04 1.912519008995467448e+04 1.623775747853679604e+04 1.537367688806497790e+04 1.451384734678005225e+04 1.399110670761702750e+04 1.390846914027208004e+04 1.404434358453490313e+04 1.456022534300661937e+04 1.516696589083257641e+04 1.671100805406048312e+04 1.695825903580247905e+04 1.852162665565168572e+04 2.040217288084332176e+04 2.194844724021802540e+04
3.549949634739790054e+04 3.056212463114271668e+04 2.860235972341958040e+04 2.457570309842245479e+04 2.256871200707652679e+04 1.991790571650246420e+04 1.752148302449066978e+04 1.666713988177260399e+04 1.556209362032976242e+04 1.439577663081725586e+04 1.405748611219978739e+04 1.393923467636004534e+04 1.418025036504956188e+04 1.459918890731528518e+04 1.509612179691796337e+04 1.628855701586617943e+04 1.778644873787294273e+04 1.925395056165575807e+04 1.985153712648427609e+04 2.191973984607584134e+04
3.725839624539250508e+04 3.125741888797440333e+04 2.761717529635565006e+04 2.501831340426398310e+04 2.207140675058110355e+04 1.864764965164226669e+04 1.843130567959194741e+04 1.684531522605758073e+04 1.475775139299104012e+04 1.427913083966496561e+04 1.400117604951867725e+04 1.398294213413262514e+04 1.417860109337447284e+04 1.474055436301482405e+04 1.552786702800731655e+04 1.670850578140513244e+04 1.771495218704418585e+04 1.954428872243412843e+04 2.082539828087121714e+04 2.296036253002297235e+04
3.395633467766004469e+04 3.031156535074147905e+04 2.622940475669441366e+04 2.302302787093860024e+04 2.021925869523812798e+04 1.934164997780228441e+04 1.700012810304623417e+04 1.607788369658854936e+04 1.484563610539236470e+04 1.434213499054913518e+04 1.399854931894140282e+04 1.399437514789393572e+04 1.436248323394637373e+04 1.487845115299553436e+04 1.543720692398174288e+04 1.625995895649538579e+04 1.781959686537012021e+04 1.946060562530187599e+04 2.068136363527098365e+04 2.259968635946304494e+04
3.215986604967338280e+04 2.942108993520278455e+04 2.513567893535853000e+04 2.390930271368970716e+04 2.064645907749747857e+04 1.805620088199582460e+04 1.663999604065197855e+04 1.542502822418237884e+04 1.462193769352436175e+04 1.444008527361850793e+04 1.402958603570105515e+04 1.403992326767155828e+04 1.455972877170860193e+04 1.485239789140763605e+04 1.556067949779547962e+04 1.737455448287181571e+04 1.857847323139293439e+04 1.953865767091939051e+04 2.146704043794014433e+04 2.306101916515916309e+04
3.277566774474472913e+04 2.749649858411619425e+04 2.569830613750842167e+04 2.245374122453396558e+04 1.987024385352785976e+04 1.916361850391257758e+04 1.685037936211012493e+04 1.536010098364701480e+04 1.482486732323479009e+04 1.424169120682918037e+04 1.401862743435768243e+04 1.409470895589312568e+04 1.446674859369184378e+04 1.496395058468282696e+04 1.593036765710179498e+04 1.719039963667659322e+04 1.897095646163948550e+04 2.036326690353917365e+04 2.230357822052218762e+04 2.360689436368497627e+04
