1.608837326199856034e+04 1.594775266297446069e+04 1.600838008113891556e+04 1.526822473506732422e+04 1.646433207529729043e+04 1.517238112632967750e+04 1.529744864823764510e+04 1.518851902341440109e+04 1.465840235266363015e+04 1.451996181288784101e+04 1.433882632228468538e+04 1.434555145556561729e+04 1.421524626713794169e+04 1.404573074402337079e+04 1.403603885460604943e+04 1.372963301121454060e+04 1.373336987791864158e+04 1.391489240715444612e+04 1.375838966543903916e+04 1.373313280047332955e+04
1.605766489373930563e+04 1.606454143488143927e+04 1.567958076323133537e+04 1.533001660912234365e+04 1.508911814553406111e+04 1.512045006875854051e+04 1.486387637767458909e+04 1.477728063938828382e+04 1.449977367456691718e+04 1.423026583326527179e+04 1.445827772629849096e+04 1.426090453100252489e+04 1.399974532473101681e+04 1.403602400193819994e+04 1.400341926164836150e+04 1.393852685618184660e+04 1.389398333990658830e+04 1.373691922168351266e+04 1.363868346210086202e+04 1.366545251262665624e+04
1.646459757594202893e+04 1.587782250532116814e+04 1.579357395905767407e+04 1.516644253922679854e+04 1.524483218396450684e+04 1.491816969974639323e+04 1.499912341251251019e+04 1.462459452041636723e+04 1.437860138636994634e+04 1.426095990446959331e+04 1.413789684470608154e+04 1.397046583311683207e+04 1.411689346388955164e+04 1.389951559786558028e+04 1.380736080768809370e+04 1.371752059417518103e+04 1.373191856062623083e+04 1.382785533372154714e+04 1.366910521437653733e+04 1.366496355380530258e+04
1.554872636448499907e+04 1.523962872341954426e+04 1.543651476962325614e+04 1.516723576981676524e+04 1.528733326980386119e+04 1.455822019412597911e+04 1.451453060625792932e+04 1.437791355227244094e+04 1.431816058207301103e+04 1.413021798063264396e+04 1.418478334625700518e+04 1.395920023058142942e+04 1.386888539300687989e+04 1.376000011094982801e+04 1.378317037961519236e+04 1.382704151833032847e+04 1.372345317990361764e+04 1.374159775080126929e+04 1.370473434911100776e+04 1.365347559035522318e+04
1.526330743460426493e+04 1.545745842978282963e+04 1.497610613442076647e+04 1.495701737082819818e+04 1.480630837536986292e+04 1.477784250347727175e+04 1.464664833052657923e+04 1.413056857771781870e+04 1.401011038000178269e+04 1.397634295013046358e+04 1.394253812621487123e+04 1.392559502659748068e+04 1.396570436449354747e+04 1.377578426592621690e+04 1.372709319735775171e+04 1.377391392442071447e+04 1.370038033969890603e+04 1.369593156234850539e+04 1.371038578751231762e+04 1.373368720079623017e+04
1.519009107031416715e+04 1.533730473810187505e+04 1.488859970887457712e+04 1.529445828525886827e+04 1.458415696175408993e+04 1.450216477285110341e+04 1.422194467399754831e+04 1.428063730986118026e+04 1.435970742635266106e+04 1.417925802313709028e+04 1.424497109603126955e+04 1.384100536401948739e+04 1.375858535141634457e+04 1.382182884932845627e+04 1.374908715368308003e+04 1.372355943629989270e+04 1.372652945358953548e+04 1.373669409214133339e+04 1.375945720739770150e+04 1.373623253094008032e+04
1.530980649416677625e+04 1.515649845783154342e+04 1.540063861784525216e+04 1.463686552987699542e+04 1.466685462044154883e+04 1.448415083410694933e+04 1.436412221903887803e+04 1.398761997345995042e+04 1.416101232592630731e+04 1.387166882597956464e+04 1.386225594690927574e+04 1.383247289190953779e+04 1.374302650394402008e+04 1.380194317793444679e+04 1.373630241131524417e+04 1.373263193756206419e+04 1.376190531066096264e+04 1.379625771537955188e+04 1.375998015603806925e+04 1.390290780094816910e+04
1.451348744429250473e+04 1.459004112552195329e+04 1.471010571441028696e+04 1.448178682728942840e+04 1.425177523714251947e+04 1.439393308831742252e+04 1.432172774918346659e+04 1.409745770387644916e+04 1.404542443734682274e+04 1.391421899659851442e+04 1.385499038520618524e+04 1.374144790231497427e+04 1.385297100772540762e+04 1.379842680137029856e+04 1.377929718271789716e+04 1.378510889869013408e+04 1.378675084373442587e+04 1.378824571710541022e+04 1.381258470853969811e+04 1.384354831154790918e+04
1.489455140262100940e+04 1.492483770569819899e+04 1.489340778011869043e+04 1.468859712581766144e+04 1.444664744080147284e+04 1.419029724691205229e+04 1.421926345272319850e+04 1.399680289853133399e+04 1.390100736626518665e+04 1.387810461232470880e+04 1.382018810064365425e+04 1.377120081871531329e+04 1.379072422814643323e+04 1.379836550086886200e+04 1.381812957482693855e+04 1.388322612905407368e+04 1.386473941232609468e+04 1.383037732971421974e+04 1.388713075654443855e+04 1.391712005673173917e+04
1.479645133329359305e+04 1.456779977790562589e+04 1.440360622076817890e+04 1.443131509041325626e+04 1.421359239642973262e+04 1.407441446949035344e+04 1.401779472360448563e+04 1.388629473259000224e+04 1.386882605587105172e+04 1.389168835769490033e+04 1.386333145229069851e+04 1.382047285593724882e+04 1.381055535258178861e+04 1.382670701107692184e+04 1.381142181633731161e+04 1.395280961065476004e+04 1.391400549802977912e+04 1.408828324697122480e+04 1.398745746526486619e+04 1.410116403759727291e+04
1.468256975389924628e+04 1.443357578114058924e+04 1.434635401830227784e+04 1.428459609281809389e+04 1.422585583702770964e+04 1.404624969078454524e+04 1.398939926218034634e+04 1.389376801114220689e+04 1.387281280556058664e+04 1.386596651907248997e+04 1.383028191910229725e+04 1.383250349617414759e+04 1.382434197708705869e+04 1.384759244194648818e+04 1.391507587160364710e+04 1.401392348015895550e+04 1.395386813581153547e+04 1.409617548861539581e+04 1.413168815113924575e+04 1.417260533639333698e+04
1.432858139154031596e+04 1.437619323032865213e+04 1.429931043094270353e+04 1.430608678650401998e+04 1.404403796975926889e+04 1.403767226789704000e+04 1.393420369701545860e+04 1.391517932069644121e+04 1.385970686260720686e+04 1.385056850180175206e+04 1.383559024596364907e+04 1.383794367007971232e+04 1.394060197183188029e+04 1.388264503864571998e+04 1.407797009036681993e+04 1.396276162650120568e+04 1.410018239430335234e+04 1.414626536602069973e+04 1.430057582483543592e+04 1.436286093743813763e+04
1.446991976495401468e+04 1.423826912264897510e+04 1.426933068542415822e+04 1.422046811520367191e+04 1.405468852865736335e+04 1.397867217520763006e+04 1.389915385620796405e+04 1.387355378499411927e+04 1.385482285469809722e+04 1.387922841745106598e+04 1.386235842640398005e+04 1.387936646230312726e+04 1.397597812700615577e+04 1.403725701932376614e+04 1.401948578483054189e+04 1.408945613202911591e+04 1.425349969331189277e+04 1.420243954353772460e+04 1.435116836996253005e+04 1.442352778356683302e+04
1.445638768189966504e+04 1.425832577573590243e+04 1.432855222315207538e+04 1.409505899688092177e+04 1.404852314581613246e+04 1.390610225925590748e+04 1.391989515871826006e+04 1.387340683553950112e+04 1.391160162577928895e+04 1.388227545207733601e+04 1.398517505125574280e+04 1.390551974761018937e+04 1.406706922845569170e+04 1.406653508630539909e+04 1.407999289193988989e+04 1.424518985368747599e+04 1.438284200313999827e+04 1.437781999102895315e+04 1.446407507153804181e+04 1.444540509936141643e+04
1.438340824290143064e+04 1.414300513412131659e+04 1.407591064893267867e+04 1.395207120310913706e+04 1.400322311884136798e+04 1.395835774051990120e+04 1.390277214106985411e+04 1.389882345987985900e+04 1.392695396335797705e+04 1.394146907568228562e+04 1.389333124373374631e+04 1.396855622644190953e+04 1.395979753215291748e+04 1.422810724265162753e+04 1.420901746442343938e+04 1.423994924596073542e+04 1.433226959740126586e+04 1.454341178992442292e+04 1.480277651808688097e+04 1.502738014109950382e+04
1.446333928061805454e+04 1.415610089983499893e+04 1.413659755124274125e+04 1.404166153953499997e+04 1.401296290593065532e+04 1.394816954440867084e+04 1.393139635918368549e+04 1.391327484169899071e+04 1.392442853744347303e+04 1.396650101001215990e+04 1.400473127312838187e+04 1.420334208909229710e+04 1.413045634455879917e+04 1.405387832883586998e+04 1.438658090951958548e+04 1.442302433126883079e+04 1.481026311583541246e+04 1.467579713222963983e+04 1.475276698373302679e+04 1.535854428960614860e+04
1.417834135613034960e+04 1.422062387305784068e+04 1.405879873043062435e+04 1.398241190538719093e+04 1.394201258228687584e+04 1.393339137026381286e+04 1.395332962030740782e+04 1.394795493398613871e+04 1.400249531435754761e+04 1.399918171613462255e+04 1.396916681108660669e+04 1.408451697193067048e+04 1.421555937880748570e+04 1.435617151087419916e+04 1.477837497754484320e+04 1.440408200669804683e+04 1.467434374760136961e+04 1.482547263231113357e+04 1.484080438050520388e+04 1.502033084354170751e+04
1.433720504112904564e+04 1.415826819762907871e+04 1.409295928507405915e+04 1.399638993068285708e+04 1.399452885176557902e+04 1.396292093615819977e+04 1.396963154033496176e+04 1.398895153140637740e+04 1.398016136972380264e+04 1.426508184700560923e+04 1.401504787051519270e+04 1.426717335080648081e+04 1.414646769163134195e+04 1.438914188648069285e+04 1.441788904993048163e+04 1.482440926568068244e+04 1.474641305478604409e+04 1.491157151855082157e+04 1.517240305333834112e+04 1.526873009559561069e+04
1.408998912139661661e+04 1.411645456605963409e+04 1.399721720112427465e+04 1.401708558965928387e+04 1.397242003598510746e+04 1.398437523528233760e+04 1.396804927123732705e+04 1.402547842192345888e+04 1.399464747593502580e+04 1.417770926150745254e+04 1.409159922610417743e+04 1.419164695078078330e+04 1.444720881026605639e+04 1.454409796335285500e+04 1.442422728799600372e+04 1.474346953810478954e+04 1.493170226187707704e+04 1.509392530970775624e+04 1.500225624743528351e+04 1.526968456020520352e+04
1.410155925843747173e+04 1.411489408147498580e+04 1.401248458885682157e+04 1.404907740173817001e+04 1.398514019815132997e+04 1.401757728938015680e+04 1.407289947810198282e+04 1.412072160456296297e+04 1.405459315737193901e+04 1.423459674306201669e+04 1.419859952491792137e+04 1.434876309741580189e+04 1.422133781320049638e+04 1.485258260290038743e+04 1.475008772315817805e+04 1.493323875215788394e+04 1.534297495271013759e+04 1.524769204119917231e+04 1.525699376730266704e+04 1.601230085480244270e+04
