1.542265625326214831e+04 1.493911123066731125e+04 1.546013595455345967e+04 1.503026599466858170e+04 1.545429332509688174e+04 1.512061440842256707e+04 1.479324772068889615e+04 1.538567008170810004e+04 1.554338563735064236e+04 1.485005253903826997e+04 1.487779823874136673e+04 1.456673668861229453e+04 1.501848420338773394e+04 1.475824253462321394e+04 1.465463390590375275e+04 1.431722091281294888e+04 1.448715718689409186e+04 1.442128604072887538e+04 1.421145971123616437e+04 1.431229763002808795e+04
1.501828195031370706e+04 1.501945275384356864e+04 1.488292200554101146e+04 1.492327951467215826e+04 1.499009786613908182e+04 1.501288936830471357e+04 1.512020597653385084e+04 1.478969561846405486e+04 1.488888540731790818e+04 1.476607527964837755e+04 1.477778248643785992e+04 1.474643096038651856e+04 1.468760934554548658e+04 1.481157498093359209e+04 1.448378335753279862e+04 1.435013265172971114e+04 1.433575162435486163e+04 1.438304938724094063e+04 1.398280153013395284e+04 1.408229145403494840e+04
1.469207217653803491e+04 1.494725604665056926e+04 1.495253107252669179e+04 1.475342357409552824e+04 1.472758686138313715e+04 1.455846034577536557e+04 1.507689913529768455e+04 1.487128606185591343e+04 1.474823264959388507e+04 1.417956619539716121e+04 1.508290248490421982e+04 1.459547781695615231e+04 1.448117150214242611e+04 1.428849307372322073e+04 1.441649305471551816e+04 1.427605931289401633e+04 1.408451871912095521e+04 1.416133865867573695e+04 1.405048236429031567e+04 1.407520284163395081e+04
1.461010473099639057e+04 1.470202164448592703e+04 1.479357705046524279e+04 1.485026279791414709e+04 1.465969555388768822e+04 1.432936264111383935e+04 1.455629651501883745e+04 1.462591988239318016e+04 1.476081415188351457e+04 1.459685546608478035e+04 1.440142726096036677e+04 1.433183881376870886e+04 1.443615654727433321e+04 1.450491883556839821e+04 1.435606301535275270e+04 1.417655238386554083e+04 1.396834372554487345e+04 1.403612262339787776e+04 1.400970346749945566e+04 1.387292409117035641e+04
1.477573982322968186e+04 1.457773830352223013e+04 1.462564700662419637e+04 1.449888668347761086e+04 1.443064127997530704e+04 1.438038208007348658e+04 1.470576552798270495e+04 1.450962627418851844e+04 1.439206038086506305e+04 1.419976961484906860e+04 1.415946770578486939e+04 1.446649114605624163e+04 1.408852970059219842e+04 1.420226317595605178e+04 1.435166261000048326e+04 1.402419381845657153e+04 1.409937855824486178e+04 1.399257218388438378e+04 1.389024905929444867e+04 1.405155505716190601e+04
1.429835285051430037e+04 1.429970857285186867e+04 1.447521843411277951e+04 1.406880493121937980e+04 1.463729699164001431e+04 1.404514829843784719e+04 1.417444923458298581e+04 1.440059134552290925e+04 1.400209443276764978e+04 1.420172850917020878e+04 1.410069704686335535e+04 1.407730616790852400e+04 1.412854215755895530e+04 1.414582535423211812e+04 1.402447053246095129e+04 1.406878667512190077e+04 1.392609775266042561e+04 1.395819861625033263e+04 1.383247209441665473e+04 1.383391119954274654e+04
1.418777574414970331e+04 1.405379836911430539e+04 1.424810567003685355e+04 1.432273951986529028e+04 1.412512608559280852e+04 1.414543617931578046e+04 1.429602799011054958e+04 1.409707522675956534e+04 1.413593033417262632e+04 1.413391239477380077e+04 1.411581157076529234e+04 1.398691973845194661e+04 1.399230492856863930e+04 1.397616736589757602e+04 1.395331077660580559e+04 1.398294105689618118e+04 1.394615537054334163e+04 1.384627084246787854e+04 1.388225991805259764e+04 1.383632433096377645e+04
1.416046304544181839e+04 1.416492469682705450e+04 1.409224317627155688e+04 1.422690186817716312e+04 1.408785608613856675e+04 1.407232074888093484e+04 1.407124529426626214e+04 1.395239438922835507e+04 1.398466271285226321e+04 1.404187311985538690e+04 1.404063895253583541e+04 1.415723983163690536e+04 1.387407545423343799e+04 1.392672412926725701e+04 1.397228358706192193e+04 1.394942055485235142e+04 1.392943059628507581e+04 1.386407454463034082e+04 1.400882404361763656e+04 1.387743555323796136e+04
1.413289267685844789e+04 1.403179007848269066e+04 1.400170468251524471e+04 1.403530589024074288e+04 1.434154528728819969e+04 1.395801351491592504e+04 1.409991421635128427e+04 1.395208077293897986e+04 1.408231381129428337e+04 1.407205878434736951e+04 1.393951273396225224e+04 1.400630421427438159e+04 1.388051139153484837e+04 1.388171418109102706e+04 1.395148738037262228e+04 1.384517063922384841e+04 1.386911894374111762e+04 1.386787340272485380e+04 1.390670649616549235e+04 1.391539488202417851e+04
1.405850581335416246e+04 1.383993304776416880e+04 1.418951776459313623e+04 1.405112124050195052e+04 1.392424873596257021e+04 1.410617737936482081e+04 1.393930640792076338e+04 1.410447352975563808e+04 1.396550481555061015e+04 1.400181137507066342e+04 1.393484788178789313e+04 1.394805438906968266e+04 1.392376003072313142e+04 1.392787579123901378e+04 1.390831668913062276e+04 1.383729111087698584e+04 1.386431537031897278e+04 1.386107956270534851e+04 1.391576534695509872e+04 1.389026989490880806e+04
1.396383963024857439e+04 1.394971553774891618e+04 1.397991895176787693e+04 1.395098914976589913e+04 1.394326611348796359e+04 1.385628889070330297e+04 1.385986757344936268e+04 1.393050196619208691e+04 1.404686452289237241e+04 1.400167975834119898e+04 1.387693611399565270e+04 1.392924445713592104e+04 1.394399586545557395e+04 1.384588863945648518e+04 1.387888089245757874e+04 1.386672586013188265e+04 1.386912214841379500e+04 1.390482675890703467e+04 1.391020635238315299e+04 1.394903228828532519e+04
1.388327978925954812e+04 1.385439260900039335e+04 1.384888960729376049e+04 1.395029490459844237e+04 1.405319028268655165e+04 1.390888232165831869e+04 1.398491715589066189e+04 1.387656516647927856e+04 1.387619198485621018e+04 1.393634266832456888e+04 1.387025674810728560e+04 1.389141513447238503e+04 1.394931333191248996e+04 1.389497171203603466e+04 1.398065167405788998e+04 1.390940629097558303e+04 1.389785809857267122e+04 1.391846582895799111e+04 1.395838987491812622e+04 1.399356744397698822e+04
1.382449035825445389e+04 1.384071858576155864e+04 1.387533269363014188e+04 1.389652476812662098e+04 1.385338827473487254e+04 1.386761173426021014e+04 1.387422150279923699e+04 1.391940567636010019e+04 1.390065244823544344e+04 1.391063213465023000e+04 1.395126954637110248e+04 1.387464476601696879e+04 1.388274430148421379e+04 1.389227390320302584e+04 1.389956985760214957e+04 1.393337754525181845e+04 1.393361173477018019e+04 1.395433495809153101e+04 1.399416043249019640e+04 1.403316118686407935e+04
1.382927359941523537e+04 1.387028967219481819e+04 1.392197279010655257e+04 1.401094481622819876e+04 1.386866711760896214e+04 1.383463839941731203e+04 1.389389252295465667e+04 1.386973117794425525e+04 1.391292361289161454e+04 1.390801255155164108e+04 1.390076418147896402e+04 1.389595647241770530e+04 1.388070035621570969e+04 1.389102151301652339e+04 1.394477272047933548e+04 1.396448104866882932e+04 1.394254035580618802e+04 1.400985693610334056e+04 1.399778360913968027e+04 1.417690079906597930e+04
1.383436688684094406e+04 1.388596363521020066e+04 1.384588862648717077e+04 1.390009086432513141e+04 1.385233751283990932e+04 1.388024610904544534e+04 1.389397948983965216e+04 1.385600703249817889e+04 1.386538966571994024e+04 1.390292696995895858e+04 1.388808513402053541e+04 1.393052296237236806e+04 1.391815901489176213e+04 1.392240906706806345e+04 1.394762793839978076e+04 1.399796136081370241e+04 1.399684784773377760e+04 1.401661783891246341e+04 1.412675780397825838e+04 1.420178941423859578e+04
1.387306290936314690e+04 1.386348916487202587e+04 1.386471564622820370e+04 1.387178752055865698e+04 1.385631197891682132e+04 1.387632043703045929e+04 1.389012870485590611e+04 1.387013074993530972e+04 1.387331220486712118e+04 1.389716641538759359e+04 1.393370797057687196e+04 1.392312562892008827e+04 1.393018361276723590e+04 1.394268133411032068e+04 1.405424336030859740e+04 1.397251255872076763e+04 1.413531826996398740e+04 1.406868105897162422e+04 1.415633408322947798e+04 1.413352387365339746e+04
1.389945152053987658e+04 1.388348793790597119e+04 1.387304317595789325e+04 1.385783017106416992e+04 1.389079193232285434e+04 1.388244671530183768e+04 1.388458157788219251e+04 1.389260176420282187e+04 1.394508107926492085e+04 1.394726245871004721e+04 1.392724399731538506e+04 1.397016141549748863e+04 1.395315285600728748e+04 1.400190624144680623e+04 1.399467305002854300e+04 1.400770856981142606e+04 1.411482562042924292e+04 1.423427786630650371e+04 1.437337161459837807e+04 1.424138261439143753e+04
1.390785220672642208e+04 1.390284210164022625e+04 1.391647556750933290e+04 1.391822845054916979e+04 1.389349374038641145e+04 1.392809572641692466e+04 1.391165746908765323e+04 1.392600744938597563e+04 1.391626577108241327e+04 1.401535586199522550e+04 1.395831378397912158e+04 1.400027716248514298e+04 1.398979043211269891e+04 1.402471135097658407e+04 1.402369336483438201e+04 1.417521041980803602e+04 1.409417006767142084e+04 1.413686728580367526e+04 1.432101834092285389e+04 1.448319753193691213e+04
1.398638192214891569e+04 1.394339676164937555e+04 1.389497676061548736e+04 1.397352180418025819e+04 1.397827372664154609e+04 1.393566730515719973e+04 1.395494956929824002e+04 1.395728955850402417e+04 1.393673863380331022e+04 1.398092049653760114e+04 1.398820179052673484e+04 1.400307885417082434e+04 1.418253516786245200e+04 1.418501671525958591e+04 1.425256503140411405e+04 1.408691798852984175e+04 1.416325255975143045e+04 1.428213603683554720e+04 1.447716056901787306e+04 1.450139765856952181e+04
1.391737691816184451e+04 1.393843010416767356e+04 1.392573724203695383e+04 1.396915873865086542e+04 1.398067118540950469e+04 1.410544557225083372e+04 1.400477257665375873e+04 1.402639866468561195e+04 1.409296272715246414e+04 1.403959610013470410e+04 1.405390518574867019e+04 1.401890495878556430e+04 1.418622625127471474e+04 1.414217555724836348e+04 1.425578584772403337e+04 1.430765737590015669e+04 1.424721414581123281e+04 1.443855793469815217e+04 1.444911383346749426e+04 1.444780760527842722e+04
