4.493334529293962987e+04 4.353852053222182440e+04 3.601144970469459076e+04 3.081921802975799801e+04 2.847902404482365091e+04 2.520931281269864121e+04 2.209376427043924923e+04 1.955636455114764976e+04 1.810555432011355151e+04 1.602476868045413357e+04 1.525260235957781333e+04 1.432887790869057062e+04 1.395786243247507082e+04 1.392974104187976081e+04 1.407885764306068268e+04 1.504230750152412656e+04 1.549800170628303567e+04 1.675287918547819572e+04 1.752592362071980097e+04 1.919997387071490084e+04
4.302655926352890674e+04 3.985800846798309794e+04 3.459758764040592359e+04 2.966297806026578110e+04 2.820713481672577109e+04 2.429760485524560863e+04 2.157516448873306217e+04 1.854760521007965508e+04 1.687076825563864259e+04 1.607033049912558272e+04 1.512418290917657760e+04 1.436598680773501655e+04 1.396004008798435461e+04 1.397346659714530870e+04 1.417912034778596717e+04 1.473668587978707728e+04 1.571239974262098440e+04 1.689538776825536115e+04 1.856992538735753988e+04 1.975766315825994388e+04
4.147732695939905534e+04 3.988247565046096133e+04 3.443912851613281964e+04 3.081833798695761288e+04 2.645802302598122697e+04 2.231648266636678454e+04 2.164091227096464354e+04 1.886268381323482754e+04 1.733848855035220186e+04 1.624720606756875532e+04 1.474444164500409534e+04 1.416563442566437880e+04 1.389632748310467287e+04 1.400402599648594514e+04 1.432237374664271920e+04 1.461550437508405230e+04 1.625412178141539880e+04 1.716710767652336654e+04 1.811021694814724469e+04 2.022038709977755207e+04
4.267998331217686064e+04 3.759833408268292260e+04 3.363630346093833941e+04 3.068147246555253514e+04 2.513277012875680884e+04 2.256339939417172354e+04 2.103993434545543641e+04 1.783573471864391104e+04 1.669635247310353225e+04 1.557665586511083893e+04 1.468510159749785271e+04 1.414355783803447775e+04 1.389984120975320002e+04 1.411848401935151560e+04 1.430246622497921999e+04 1.500280105749176801e+04 1.637943907218119057e+04 1.767987248222291237e+04 1.853906276695838096e+04 1.989742331072828893e+04
4.153139202956455847e+04 3.511708918362647819e+04 3.239585447182202552e+04 2.999144480797817232e+04 2.542769634745215080e+04 2.253411091498437600e+04 1.962278053233796527e+04 1.793305077648946462e+04 1.697089153519161482e+04 1.536817929509622263e+04 1.437147329392006031e+04 1.394759031606580720e+04 1.388750387173590934e+04 1.408903459484544146e+04 1.463005332824114157e+04 1.531702239713310155e+04 1.643662706353028261e+04 1.744421629184151607e+04 1.845266060657214257e+04 2.052388315428074930e+04
4.038462060577430384e+04 3.820496864401821949e+04 3.113796247052757826e+04 2.605891361683423747e+04 2.474738524580137528e+04 2.090742796740483027e+04 1.981384072251014732e+04 1.765382502335643221e+04 1.642182833879518876e+04 1.497942548443771011e+04 1.436462608957170232e+04 1.402997445971035268e+04 1.391718810054003188e+04 1.422477563644662769e+04 1.459439363931135813e+04 1.547789998615492186e+04 1.638963614251575927e+04 1.767939488832954157e+04 1.940161643219876350e+04 2.106171106337059246e+04
3.798262425737958256e+04 3.579169132616862771e+04 3.101427156605562777e+04 2.646320265317581652e+04 2.413844117260953499e+04 2.142328255557544253e+04 1.901104521885921713e+04 1.669617681189089490e+04 1.598041673677061044e+04 1.480132176899974365e+04 1.418910619924570165e+04 1.389895494014313954e+04 1.390284007014041163e+04 1.423077030807450137e+04 1.477497946774205775e+04 1.567387775308720120e+04 1.700114043786596449e+04 1.774780047755883788e+04 1.975956927924665433e+04 2.152646340994867205e+04
3.613267487865449220e+04 3.532131931812603580e+04 2.973378433429310826e+04 2.662776674531268509e+04 2.377975164502918415e+04 2.039258544589365556e+04 1.882192128198001956e+04 1.707953953772474415e+04 1.605765371880016392e+04 1.455383805899415347e+04 1.412623779439665122e+04 1.393070664126419797e+04 1.396489016897420515e+04 1.454942055816504762e+04 1.503880632061150027e+04 1.604257890470011444e+04 1.730576439870718241e+04 1.836787536306460970e+04 1.989870505868564578e+04 2.125109402637668973e+04
3.653541801902279258e+04 3.219971704835421406e+04 2.913064943633536313e+04 2.433532546571320199e+04 2.191241012840569965e+04 1.972923292936138751e+04 1.819226294495367620e+04 1.724451703202962017e+04 1.529441535127424504e+04 1.442713573371446182e+04 1.404521606004211571e+04 1.387523975156836605e+04 1.418909711492612951e+04 1.420754781880955670e+04 1.528041596961570031e+04 1.580964970836018620e+04 1.718697370443128239e+04 1.900550280817454768e+04 2.022830508752513197e+04 2.171086478101407192e+04
3.824902726716476900e+04 3.162176794313312712e+04 2.709391976920979869e+04 2.452543821957041655e+04 2.117630823885509744e+04 1.987643535122125468e+04 1.732819638525030314e+04 1.624542628385072203e+04 1.497420328990255803e+04 1.426517556027290630e+04 1.403087791397175897e+04 1.387096512384719063e+04 1.403972522852253132e+04 1.446503844072764150e+04 1.528092101305403958e+04 1.643799164701697737e+04 1.757280292780937816e+04 1.906552106690750225e+04 2.096296076435590658e+04 2.331319619870960378e+04
3.415982337783218827e+04 3.017176471215485799e+04 2.905526369403191347e+04 2.365741104632243514e+04 2.084742553147926446e+04 1.900092899379891605e+04 1.694898563210076099e+04 1.588921727530999669e+04 1.505132623394512484e+04 1.439015832214672264e+04 1.397426727048215434e+04 1.395193836524462677e+04 1.419132669779244497e+04 1.462720150409809321e+04 1.569111724902605602e+04 1.632719862785115765e+04 1.794810983301869783e+04 1.960418804769101189e+04 2.174666233057718637e+04 2.255807349564899050e+04
3.378990160962514346e+04 2.994691485303654190e+04 2.659756279413480297e+04 2.273088445048184440e+04 1.995068006265513031e+04 1.854573478700048872e+04 1.654765381209990665e+04 1.572799121563007247e+04 1.502279965332717620e+04 1.416962867058247684e+04 1.393405203012014863e+04 1.397739216499496251e+04 1.418193672381376382e+04 1.466614147458218031e+04 1.604933930275795319e+04 1.674155947798797206e+04 1.749325725578565107e+04 1.915759362487533144e+04 2.169964784629223141e+04 2.341006817926478834e+04
3.334556676073462586e+04 2.912315613962486168e+04 2.508579797452667844e+04 2.306487120347614473e+04 2.029704143598535302e+04 1.835158293620610129e+04 1.696729297300128746e+04 1.551751990589816160e+04 1.472058753581540805e+04 1.409004403922509300e+04 1.391448096590192836e+04 1.397734500216385641e+04 1.428737707291114020e+04 1.509317674602113402e+04 1.558725884442614915e+04 1.689618213572562308e+04 1.852264140040470375e+04 1.961795261373897665e+04 2.153273871145881276e+04 2.389116732919958667e+04
3.146132483938516452e+04 2.908303989178339907e+04 2.534450243985023553e+04 2.218932202422013870e+04 2.003263582739713820e+04 1.772419161493225329e+04 1.638885199903797911e+04 1.528073179463077213e+04 1.461397980036060108e+04 1.408540698043081647e+04 1.391855266791427675e+04 1.393283955771619185e+04 1.451510111698615219e+04 1.515163142916929974e+04 1.623127465693996783e+04 1.735781277116966521e+04 1.846023248335534663e+04 2.001540939713826083e+04 2.225795719423248738e+04 2.408185999030808307e+04
2.890989033610026672e+04 2.813092905390287706e+04 2.535906862031571291e+04 2.122237363021943020e+04 2.016584436924132388e+04 1.767669538838992230e+04 1.631906597323050119e+04 1.491617383351636272e+04 1.425640577066431251e+04 1.400653900420211357e+04 1.393711283213238494e+04 1.415126287957932254e+04 1.466735398311321296e+04 1.520922595316230399e+04 1.617626203631731914e+04 1.785796070480012713e+04 1.904406278215193379e+04 2.056354289167169190e+04 2.214942930411125781e+04 2.539422134474662016e+04
2.956173672248769799e+04 2.681420983110742236e+04 2.397583866093638790e+04 2.037328933917838731e+04 1.959169017722790886e+04 1.704149696893686632e+04 1.597053244738302965e+04 1.474730732132472076e+04 1.412088932778180606e+04 1.393827926207002929e+04 1.395361950440970941e+04 1.422762183720752182e+04 1.507442572439890318e+04 1.577797560021756362e+04 1.701407009056269089e+04 1.836493319871947460e+04 1.960466845316781473e+04 2.061473664591450142e+04 2.215449865390107152e+04 2.457827873994563197e+04
2.898996338932754225e+04 2.624034290397201767e+04 2.344018252847598342e+04 1.979355140848701194e+04 1.908179821556019670e+04 1.686426390251753764e+04 1.592651704649443673e+04 1.493568093720452271e+04 1.420830789517263656e+04 1.391783112828515004e+04 1.391697629768476691e+04 1.433830906706429414e+04 1.485069594199138737e+04 1.579391905104521902e+04 1.686369557000107670e+04 1.848718367166892131e+04 1.963493989299295936e+04 2.128638838366346317e+04 2.343134785678809931e+04 2.544553530985697944e+04
3.000997193399848766e+04 2.621730194167572699e+04 2.149622115465127717e+04 1.969948079443013194e+04 1.859843786267454561e+04 1.668474504926627924e+04 1.499388756667360394e+04 1.445838537574883594e+04 1.436984457216778355e+04 1.392013805486455931e+04 1.402661940111852164e+04 1.446886773575189000e+04 1.509092732854024507e+04 1.577869007056357259e+04 1.684711192016959467e+04 1.863704452588576532e+04 1.994891067777880016e+04 2.160067190289885548e+04 2.394913223712465333e+04 2.588152015088386179e+04
2.706613243964268258e+04 2.425634387609036276e+04 2.186643440821712647e+04 2.031230525910524011e+04 1.773521937042217905e+04 1.619434835457392546e+04 1.527524793408370715e+04 1.447612093964072847e+04 1.398971510306080381e+04 1.391358881415211727e+04 1.406688769627015427e+04 1.436685045429713318e+04 1.550844913468321101e+04 1.610785196777867350e+04 1.745001919473293674e+04 1.911212942663201466e+04 2.038936037042562384e+04 2.234437182483845390e+04 2.407689660437235216e+04 2.627860191645858140e+04
2.630946585621351187e+04 2.422258510760089848e+04 2.093267736991290076e+04 1.938573063512246881e+04 1.685075970142697406e+04 1.635044206622517959e+04 1.482996798576364199e+04 1.421767033710598298e+04 1.399558179975551320e+04 1.394020554868374529e+04 1.409163208331684473e+04 1.485244437238649516e+04 1.520844805016775535e+04 1.661715683949551021e+04 1.798742324319790350e+04 1.923808323736746752e+04 2.107072935122827766e+04 2.203246994802705376e+04 2.517590711004494733e+04 2.692026963046429228e+04
