1.382000650576532826e+04 1.383214190878706722e+04 1.381704533268037267e+04 1.385569902490652748e+04 1.393233838886474405e+04 1.389729153209314973e+04 1.388332278594632407e+04 1.407619837448849466e+04 1.407530844924335543e+04 1.433564338016637703e+04 1.418010590769381633e+04 1.433748089334030738e+04 1.425398835340438745e+04 1.434020543690530576e+04 1.428948064977561990e+04 1.431288582733993826e+04 1.470133345770304186e+04 1.442410629847600285e+04 1.485116672622601618e+04 1.443125059651574520e+04
1.380841468555256870e+04 1.380799133419190184e+04 1.385518076181633114e+04 1.382244366782958059e+04 1.396709599597778470e+04 1.391978156545211459e+04 1.391671930915460871e+04 1.404165768542820842e+04 1.398563808487007555e+04 1.422284664507615707e+04 1.404169046655251077e+04 1.418362031231351102e+04 1.440773333502476817e+04 1.431838900707335597e+04 1.448967828923969319e+04 1.457899733274309619e+04 1.434754345029367505e+04 1.449261976821166172e+04 1.452878075220525170e+04 1.464842165484079305e+04
1.382177824545802468e+04 1.383050083698268463e+04 1.386020834801777346e+04 1.385046227972728957e+04 1.388082812159923196e+04 1.389131921211220106e+04 1.402552378566122570e+04 1.397827654826111575e+04 1.394940888455590539e+04 1.410873060015916417e+04 1.405921455185042942e+04 1.408978736715362356e+04 1.434392332321596950e+04 1.428207629522554453e+04 1.431057614622554138e+04 1.470520274748679731e+04 1.435640986690385216e+04 1.492320594859679113e+04 1.466805481138789037e+04 1.491004421329867364e+04
1.381026077119015463e+04 1.383542142829726072e+04 1.382646486108582394e+04 1.386583432255524349e+04 1.393334592584753409e+04 1.397128203272397877e+04 1.397980312111547028e+04 1.397975205711633862e+04 1.399531584992795069e+04 1.400570505086161029e+04 1.420906986390779275e+04 1.412141947899502156e+04 1.420444350260460124e+04 1.416383947040188832e+04 1.453028242986784971e+04 1.457871628081379822e+04 1.440326701047838105e+04 1.455658926082747348e+04 1.449468183167565985e+04 1.459048107158373932e+04
1.382360901869918780e+04 1.386301052923960378e+04 1.388715113947830469e+04 1.387403202257064913e+04 1.386058136262669723e+04 1.386103666191987577e+04 1.387073637028215671e+04 1.403949245661025816e+04 1.408267743310171136e+04 1.416303136298976460e+04 1.405156916902038392e+04 1.404611852664749495e+04 1.418255653858690675e+04 1.437062427425866917e+04 1.436656126262477665e+04 1.454188657395212067e+04 1.444069667955214209e+04 1.449553704821791507e+04 1.458861051201407645e+04 1.447618676000970663e+04
1.387472931725598028e+04 1.382732785757261081e+04 1.387503513113834742e+04 1.386286075067379716e+04 1.385154020943152136e+04 1.395507016777283206e+04 1.396322300880757939e+04 1.395657002036641279e+04 1.406860867556557605e+04 1.404396581758368666e+04 1.411738034448767576e+04 1.421530288704477243e+04 1.424906843856583691e+04 1.425302144740578842e+04 1.433820220923389024e+04 1.447504729509872595e+04 1.439182577200000924e+04 1.461063670682225529e+04 1.461863249077572982e+04 1.457757968481520220e+04
1.386361601405132387e+04 1.380676983883596949e+04 1.386022524529583643e+04 1.388335040608482996e+04 1.386589357566084982e+04 1.387342046230529741e+04 1.405775830233025590e+04 1.404035999157932929e+04 1.407908710607877401e+04 1.405975897370868006e+04 1.414952588053075124e+04 1.423537800224151761e+04 1.433521118561611547e+04 1.437098675874094442e+04 1.426087745583213109e+04 1.445384632491936645e+04 1.430951951447360079e+04 1.449977793807195303e+04 1.433102534620917504e+04 1.462049789538861296e+04
1.391514693993178480e+04 1.383754026209750009e+04 1.386495697138400828e+04 1.387395872100386987e+04 1.388149960686025224e+04 1.386813791438623593e+04 1.404367310946562975e+04 1.399937511809589887e+04 1.399057679349869068e+04 1.400863505114151485e+04 1.418997455655649173e+04 1.423626371971128719e+04 1.423447040306828785e+04 1.430122658309774488e+04 1.430583788481094962e+04 1.427725066774887273e+04 1.459561170211813624e+04 1.432597278474152154e+04 1.464488175448374386e+04 1.464437508093913129e+04
1.384716707145380315e+04 1.386995043427963355e+04 1.388441933873543348e+04 1.386611838695459846e+04 1.387431695667916392e+04 1.397532057806485318e+04 1.390134162139772161e+04 1.401668354836653270e+04 1.403547078822887488e+04 1.409951126370370184e+04 1.423348832697011130e+04 1.413818476786142855e+04 1.428353782145112018e+04 1.434292616187547719e+04 1.439088059276790591e+04 1.449903627402368875e+04 1.463054786085922569e+04 1.431875756101347361e+04 1.431356460053418414e+04 1.486213297604921900e+04
1.387525260961386084e+04 1.386827308338586590e+04 1.387559943574787940e+04 1.385969595263231713e+04 1.389777922382887300e+04 1.395624441557712089e+04 1.390950626517187266e+04 1.394751126568905602e+04 1.399801273771194610e+04 1.414213158964112517e+04 1.425076716014717022e+04 1.419872799487123848e+04 1.425796373602017047e+04 1.418048139945890944e+04 1.430394930296424718e+04 1.416449052524549916e+04 1.435308300683029302e+04 1.438258640075622861e+04 1.449940848329102846e+04 1.466002196288119012e+04
1.388987039005233964e+04 1.387333466686194515e+04 1.388133230895054294e+04 1.390637143353415740e+04 1.386416328777981289e+04 1.396354003663805270e+04 1.401497155735508750e+04 1.397741606795292682e+04 1.409812215387784090e+04 1.405888011070787070e+04 1.402317070544782109e+04 1.407611161016241749e+04 1.410854977534126192e+04 1.414409216176370137e+04 1.417599478180812912e+04 1.436984292232310327e+04 1.450841178172555738e+04 1.434392140125961123e+04 1.446486690153751806e+04 1.457553557016455488e+04
1.391962791159139306e+04 1.387365142042831030e+04 1.388836856397776137e+04 1.388705091737605107e+04 1.390336580692690950e+04 1.393490633882226030e+04 1.391784238308969725e+04 1.398863726729750306e+04 1.402622020030705971e+04 1.405446187265478511e+04 1.411300949765808218e+04 1.408702369602125145e+04 1.409919067508776789e+04 1.449176164394161788e+04 1.439750245265105150e+04 1.443158068248322888e+04 1.430402112095388657e+04 1.437699834171989824e+04 1.438165199648795715e+04 1.460953999618728267e+04
1.388678065508631698e+04 1.394272525891983241e+04 1.392401358820000496e+04 1.393707650990097136e+04 1.392406255521967432e+04 1.390588672430934639e+04 1.393179792751517016e+04 1.399480717902536162e+04 1.401285053756021989e+04 1.403152882623191545e+04 1.413577855303023534e+04 1.415915521941056795e+04 1.413776611532704374e+04 1.414845098832315853e+04 1.424343013781608897e+04 1.432668554322037744e+04 1.439095487731654976e+04 1.437274416419667432e+04 1.497298761415238732e+04 1.448043937054826529e+04
1.398837853139284380e+04 1.396636902250081766e+04 1.389551571901052739e+04 1.392517462429364059e+04 1.390450298441174709e+04 1.391498147774154131e+04 1.402626010312976905e+04 1.400651438289994803e+04 1.396092152206300307e+04 1.408638803975022893e+04 1.410908248389903383e+04 1.413581434276932669e+04 1.404719829224495516e+04 1.409956925383284943e+04 1.422338636925581341e+04 1.429496213487829300e+04 1.426456551374385526e+04 1.427071033850337881e+04 1.452143238822471722e+04 1.458354938651800512e+04
1.400431408201094018e+04 1.398800334488184126e+04 1.399380471534985372e+04 1.393056272170887678e+04 1.391865580570539896e+04 1.393845486713631362e+04 1.393828936283754047e+04 1.400648761830573494e+04 1.405835298638044151e+04 1.404932600443704541e+04 1.411576144379133802e+04 1.408103149538601065e+04 1.428765856530877863e+04 1.422011905127183127e+04 1.420230446904182281e+04 1.456839044806538368e+04 1.437143033586429192e+04 1.441031131432179245e+04 1.463434589174064422e+04 1.428659466742918448e+04
1.412348282988714345e+04 1.409894672480113877e+04 1.394704338498404104e+04 1.392933792922878456e+04 1.397400449527085948e+04 1.392854036628060931e+04 1.396903385562685980e+04 1.398682245741769657e+04 1.403595547584631277e+04 1.399661299384650374e+04 1.408065942395827369e+04 1.406174166035954295e+04 1.406752613536610261e+04 1.408092259864563675e+04 1.428298307432928232e+04 1.432442029875170192e+04 1.425308899216019199e+04 1.423990809657898171e+04 1.434087061742050719e+04 1.436163642634379539e+04
1.408269508458650853e+04 1.398807480925277923e+04 1.402899885183097649e+04 1.394594175884894867e+04 1.398958337445955112e+04 1.398480572177010981e+04 1.398388119982505668e+04 1.398587900097612874e+04 1.398900465043085933e+04 1.407368117801359949e+04 1.402868034083046223e+04 1.413620553517159533e+04 1.425676190117961778e+04 1.414076316615695941e+04 1.417273245720453087e+04 1.425780931824081017e+04 1.426127113784560788e+04 1.422941578831687366e+04 1.438955897573079164e+04 1.429084998963590806e+04
1.420657954741781577e+04 1.406375144371385977e+04 1.407294582734658616e+04 1.401492912013391833e+04 1.396907360588904703e+04 1.397011227274441080e+04 1.398581834069306933e+04 1.401048252061325184e+04 1.400279901516179052e+04 1.405112513535783364e+04 1.406770188084568872e+04 1.409284281499170902e+04 1.410525892763195407e+04 1.417099416993250634e+04 1.418648346227490765e+04 1.428073847141947044e+04 1.454750142686326581e+04 1.423356906489772700e+04 1.434842329094978413e+04 1.429370297912662681e+04
1.426346984051342588e+04 1.415717190684210800e+04 1.409421709336215099e+04 1.406667231647082190e+04 1.418947112481214936e+04 1.410050458637770498e+04 1.404632969765775306e+04 1.406478666642222743e+04 1.406663527211967812e+04 1.406348499820458528e+04 1.412628423001688134e+04 1.408572871723503704e+04 1.412563583758556888e+04 1.419755322545407580e+04 1.414041037133029567e+04 1.426066172219851614e+04 1.427728972432492446e+04 1.428766565115745470e+04 1.437107283099209599e+04 1.438092834175395001e+04
1.420170772113294333e+04 1.435785009788419120e+04 1.410652300803440266e+04 1.415366390004436835e+04 1.421818813851346567e+04 1.404921066673432324e+04 1.404842190023299008e+04 1.405491661299462248e+04 1.407973305449358122e+04 1.404720589363739055e+04 1.407396105419902233e+04 1.409203495789947556e+04 1.412921631302586320e+04 1.413944920565796019e+04 1.427106347911754710e+04 1.422894687824771063e+04 1.424778407767303543e+04 1.430413302528549684e+04 1.430473255027721825e+04 1.434052018491343188e+04
