3.721258472986054403e+04 3.425054498446820799e+04 3.081464197384665749e+04 2.636296790806851641e+04 2.449949889075308602e+04 2.082781702754341313e+04 1.942977849042428716e+04 1.699813767689455563e+04 1.541903258625184753e+04 1.489989885251071428e+04 1.425658177980324399e+04 1.390200316312290488e+04 1.388588735023449954e+04 1.416161916331061911e+04 1.463684189604662788e+04 1.558699180579470703e+04 1.696569099273883330e+04 1.851447953187741587e+04 1.949054963327697624e+04 2.108367240780622160e+04
4.020096427228247921e+04 3.472860559845164244e+04 3.004076005857853306e+04 2.626474440223029887e+04 2.270761008431154914e+04 2.097988522918003218e+04 1.940546292254116997e+04 1.728732690242812168e+04 1.601683745390202421e+04 1.478010209407687944e+04 1.400429173001616618e+04 1.384954590895049478e+04 1.386131096068995248e+04 1.427338359933849642e+04 1.480863421037503031e+04 1.534376166161848050e+04 1.672737525047867894e+04 1.781778426818320440e+04 1.982020967174777616e+04 2.190173434612456913e+04
3.967863229649660207e+04 3.343790011418535869e+04 2.922172747512596834e+04 2.730945560115600892e+04 2.390816939189166806e+04 2.144029860031246426e+04 2.020371244798913540e+04 1.781362768532710470e+04 1.594720032974848255e+04 1.513240451231272164e+04 1.413740971460458786e+04 1.383899316235141305e+04 1.390569201698275538e+04 1.418381067967516174e+04 1.468993344428424098e+04 1.558102260537433176e+04 1.658054185524379864e+04 1.776596159026423993e+04 1.946434112236737565e+04 2.052695195109312408e+04
3.890902719617369439e+04 3.566353285360585141e+04 3.271419682960719729e+04 2.824879028740105423e+04 2.437842750557647742e+04 2.154358672175057291e+04 1.945974031402674882e+04 1.738286533248697378e+04 1.600354870623746683e+04 1.450391211563880643e+04 1.426181079168249562e+04 1.387526696748281574e+04 1.383079928698828371e+04 1.408523701313575475e+04 1.475617642316615638e+04 1.564012233291892517e+04 1.619982434494902373e+04 1.773904713104894108e+04 1.940618016159919716e+04 2.172169715097739390e+04
3.958750412571314519e+04 3.448413301232935191e+04 3.034568669614349710e+04 2.600216766462922533e+04 2.414234445693778252e+04 2.167270876946853241e+04 1.836334159681692472e+04 1.714894044909004515e+04 1.610576082840120216e+04 1.475541923793173191e+04 1.413187246232184407e+04 1.392180952120934853e+04 1.400592676121005206e+04 1.411451699527020901e+04 1.490973796685357775e+04 1.582375250908817907e+04 1.647812849009664569e+04 1.805850076034340964e+04 1.983112574128510823e+04 2.160077744089808039e+04
3.962208428794851352e+04 3.283312384659775125e+04 2.961062079266146611e+04 2.571573937652655877e+04 2.366411692061949725e+04 2.137913212226779797e+04 1.886800873986908482e+04 1.713402918680517178e+04 1.570328624195214434e+04 1.474139275007284050e+04 1.433995486925736077e+04 1.388952233966848871e+04 1.388127451816795110e+04 1.438194098028020198e+04 1.478893876930959232e+04 1.555190401967982871e+04 1.643826409690399669e+04 1.794282940089927797e+04 1.932917138494657047e+04 2.162768627949081565e+04
3.893616405866079003e+04 3.328265731374559982e+04 3.005824234634370077e+04 2.653785834381539098e+04 2.374568206055830524e+04 2.074583724204549435e+04 1.896421322039803999e+04 1.728946990970802653e+04 1.552874622730861302e+04 1.461452221047583589e+04 1.426387836746899666e+04 1.388601334221745492e+04 1.386324514470080976e+04 1.433954999587011844e+04 1.464803518121965499e+04 1.569939577616215684e+04 1.682216532581112551e+04 1.810561981360940990e+04 1.985721215104066505e+04 2.171083201287694101e+04
3.799192066657868418e+04 3.381510985023375542e+04 3.014347254616308783e+04 2.679948196951242062e+04 2.373991631371880067e+04 2.083280391644864721e+04 1.879376486217891215e+04 1.739029865122268529e+04 1.568164950130539728e+04 1.495836838512501345e+04 1.427091027636656690e+04 1.386139769989954038e+04 1.386216095872424921e+04 1.454514417151172165e+04 1.513228271556368600e+04 1.589863680509981714e+04 1.679994055300631226e+04 1.795689787113983402e+04 1.995455672014375523e+04 2.211793123940208170e+04
3.698750408406688075e+04 3.272368141264677615e+04 2.901459479160355841e+04 2.763148061363583474e+04 2.322837543709038437e+04 2.200219579536896345e+04 1.910240934724070030e+04 1.697997081310915019e+04 1.544389790132259986e+04 1.493436938900361019e+04 1.429180044645577436e+04 1.389644353885577402e+04 1.392980422975900910e+04 1.436674884119164199e+04 1.481776830597556545e+04 1.571459755407125704e+04 1.724594340896437279e+04 1.823778216096913457e+04 1.955181610643153545e+04 2.188263027672887256e+04
3.825021020376779779e+04 3.550727158582195989e+04 2.947971025118849866e+04 2.562490321895499437e+04 2.421095314850749128e+04 2.022893517459449140e+04 1.790913513297194004e+04 1.712357269032499607e+04 1.570805327302144360e+04 1.430055644396579737e+04 1.419894795463037917e+04 1.392457269447006183e+04 1.396648132609104687e+04 1.411689174122374607e+04 1.508396027209128442e+04 1.587358951925896872e+04 1.728496782787318807e+04 1.850245123066891392e+04 1.985152610518966321e+04 2.188445677166220412e+04
3.739801446647272678e+04 3.236729317454347256e+04 3.141938648889253818e+04 2.741747471418114219e+04 2.347822363669537299e+04 2.054203337904638101e+04 1.830388772300993151e+04 1.666123110712823109e+04 1.503379290080245846e+04 1.457528816803206064e+04 1.418632551372238231e+04 1.390041052906647383e+04 1.402502467755551334e+04 1.428567064456465596e+04 1.501411527767094776e+04 1.633868390386596184e+04 1.697477320295974641e+04 1.813894016681351422e+04 1.993838396324009591e+04 2.178762467506708708e+04
3.692669786060867045e+04 3.228368312182534282e+04 2.997449949731787274e+04 2.445975425327678022e+04 2.346269858166404811e+04 2.094890528217376050e+04 1.782678108664120009e+04 1.645765764644368392e+04 1.530519709997895552e+04 1.466588106108463398e+04 1.413486304048720558e+04 1.392111391436253689e+04 1.411771373124374804e+04 1.434773790896688843e+04 1.507955211101356144e+04 1.615546614409037466e+04 1.708652811285940697e+04 1.853541456793326506e+04 2.009081805021271066e+04 2.210852392253252765e+04
3.623054592403306742e+04 3.136858712112281864e+04 2.770533006245473734e+04 2.677171054038600778e+04 2.170657261357996322e+04 2.020848213607408252e+04 1.818111261400757940e+04 1.656626181552396520e+04 1.530944212052335388e+04 1.459549557239894420e+04 1.419214875421974102e+04 1.391974987579549088e+04 1.423577133838804912e+04 1.452301657937941309e+04 1.501860840824429033e+04 1.592875810824809196e+04 1.682880279012906249e+04 1.933787279256343390e+04 2.046543900784105062e+04 2.208116366715534241e+04
3.741505479571633623e+04 3.342455756576297426e+04 2.838058495855380897e+04 2.390425854685896047e+04 2.175915149519871920e+04 2.002210618254497240e+04 1.776550959256558781e+04 1.611464219299911019e+04 1.531804490961086958e+04 1.435178017766548510e+04 1.400577303588663381e+04 1.391743611795816105e+04 1.399636230269090993e+04 1.440835632794054982e+04 1.548011874325645658e+04 1.645286364475881783e+04 1.713887534359687561e+04 1.900814213675566862e+04 2.041752748858671112e+04 2.266240275128025678e+04
3.493345813338128210e+04 3.072951298472451890e+04 2.877981699212183958e+04 2.562225060602682788e+04 2.131812067217293225e+04 2.111718112596794526e+04 1.809584831322226819e+04 1.611819527655617094e+04 1.537088062814944169e+04 1.440805280910027250e+04 1.398871593217545524e+04 1.392609631828816055e+04 1.417677152047860545e+04 1.453509062853342039e+04 1.521073589835070561e+04 1.660712950352444022e+04 1.780369890698682502e+04 1.876806275113497395e+04 2.031468025913176098e+04 2.304660697049630835e+04
3.428457236866384483e+04 3.015749847756460076e+04 2.792303442550566251e+04 2.565699514435049423e+04 2.232990950686792348e+04 1.911646622493572067e+04 1.768812997504509258e+04 1.591367132647169637e+04 1.534874727141217227e+04 1.439418853687649244e+04 1.406933401270626382e+04 1.393118801766466459e+04 1.413897716638361817e+04 1.472396547433680644e+04 1.550388133481489058e+04 1.686850984642254843e+04 1.745946008829319180e+04 1.887766650508257226e+04 2.135864709952853445e+04 2.308762760814074500e+04
3.276989702987852070e+04 3.131141044935864556e+04 2.617372530615492360e+04 2.377846720023764283e+04 2.049932208009436363e+04 1.877660101193568335e+04 1.768468311595611885e+04 1.632633743620603127e+04 1.488718827516710553e+04 1.423193065048027711e+04 1.399438128910489468e+04 1.399332360632752352e+04 1.446696308460085856e+04 1.471442970757190051e+04 1.546740638033481264e+04 1.651445132861885577e+04 1.826907245543944373e+04 1.927109887397309649e+04 2.099923514293928019e+04 2.345032887079914872e+04
3.419963121000399406e+04 2.981773904764073086e+04 2.652101664220483508e+04 2.339874761421505173e+04 2.055036815318984736e+04 1.963101534189666927e+04 1.728384319244606377e+04 1.646909221218186212e+04 1.499200603660907473e+04 1.421380368742797873e+04 1.404602819040532449e+04 1.394536998696942828e+04 1.429508392357369848e+04 1.501506024886573505e+04 1.577208894296476865e+04 1.671254909058289923e+04 1.817980706579870821e+04 1.984876145565561455e+04 2.075962918922117387e+04 2.291832870700787680e+04
3.298331873127302970e+04 2.803085999465564601e+04 2.619344647584224003e+04 2.261500806564681625e+04 2.026860341913184311e+04 1.786733513150538784e+04 1.743220429616021283e+04 1.590962734442533656e+04 1.486921007760784414e+04 1.420682579033637921e+04 1.400792881245619901e+04 1.402950694410566030e+04 1.433163459862763921e+04 1.502647041296249517e+04 1.593288998401401295e+04 1.695531249637093060e+04 1.777284908916575296e+04 2.007800850804815491e+04 2.155906184509933519e+04 2.297259706616619587e+04
3.225189813922965550e+04 2.899218707797649404e+04 2.418339313291417784e+04 2.243746288482686577e+04 2.001866251388394085e+04 1.854672082628779390e+04 1.716558054926562545e+04 1.521360059882572568e+04 1.487614641995494640e+04 1.429403656729030263e+04 1.402316507933134017e+04 1.415420808307897823e+04 1.456260143757055994e+04 1.520048499240691490e+04 1.630259795097090500e+04 1.736450529456221921e+04 1.815074171747348009e+04 1.984397082381448126e+04 2.129188258216633039e+04 2.487410545272265881e+04
