1.423005734133650913e+04 1.457022026581305363e+04 1.428252396431763555e+04 1.418190333527552684e+04 1.401806819124962749e+04 1.403935394135749084e+04 1.392058001446251910e+04 1.399325094059990624e+04 1.384908283058016423e+04 1.383023498784809817e+04 1.383840644091851209e+04 1.386160589848526070e+04 1.384871826697245160e+04 1.385078105935133317e+04 1.393449123491780301e+04 1.399982746668798791e+04 1.409578826203627796e+04 1.417835081644802631e+04 1.437943261089695807e+04 1.443932463014169844e+04
1.462262406505822219e+04 1.463314388372925532e+04 1.418800363313410162e+04 1.407682235320922700e+04 1.396816712379446108e+04 1.387309780353521273e+04 1.404248162193311327e+04 1.386906204542478918e+04 1.391569441897995057e+04 1.380990986345985402e+04 1.383692688775057468e+04 1.384290768221216604e+04 1.387992890393454763e+04 1.393473122264762969e+04 1.401575167333082572e+04 1.406926895791144307e+04 1.417720277017244553e+04 1.428595779500207209e+04 1.423815446633848296e+04 1.451382252607948067e+04
1.458269064611143040e+04 1.440326130933778404e+04 1.431750424599581129e+04 1.421383855232823771e+04 1.398532315581985858e+04 1.403072112993202791e+04 1.385857396428263928e+04 1.387856288009128002e+04 1.389792370862628195e+04 1.384280433350366002e+04 1.390687228451339797e+04 1.380485604480347320e+04 1.387274465498949030e+04 1.402967487699582125e+04 1.404173555346907051e+04 1.404341771395625801e+04 1.408492354546250499e+04 1.412626005436294145e+04 1.430278787053925407e+04 1.428313871960274992e+04
1.425721222722794482e+04 1.447224415412565395e+04 1.429471560656209294e+04 1.416392134275042190e+04 1.405634728160855593e+04 1.405985484814479605e+04 1.392849182195260801e+04 1.387694767487722856e+04 1.386738014891951752e+04 1.382974827106484190e+04 1.384322887358952175e+04 1.385177430173620269e+04 1.389049285052832602e+04 1.390542156768504901e+04 1.403400105244985389e+04 1.401675044469242312e+04 1.422078368820939068e+04 1.416430246172755687e+04 1.438286111330767199e+04 1.431441654864026350e+04
1.443537642017132930e+04 1.448420875179800714e+04 1.451430766823907470e+04 1.423815652280175527e+04 1.415835629843305287e+04 1.407400042605160525e+04 1.387170678425488768e+04 1.386802179915361194e+04 1.387094478351222097e+04 1.384018686390534458e+04 1.386194888983061537e+04 1.387574711485184525e+04 1.385908638391504974e+04 1.400237219066425314e+04 1.406079806403162365e+04 1.405641013915288568e+04 1.419116574993691211e+04 1.418242306209583330e+04 1.440994728593867512e+04 1.445093675519586395e+04
1.488208739294506813e+04 1.446201380896804403e+04 1.442264821284380741e+04 1.412042787211745781e+04 1.413000790963948202e+04 1.413373602709886654e+04 1.391609802245246829e+04 1.395011308965784156e+04 1.384126933750087483e+04 1.387170542826477504e+04 1.384345698343332151e+04 1.395016023760198186e+04 1.387475738538941550e+04 1.392440294167321372e+04 1.401176288013111116e+04 1.403120415564176437e+04 1.403310853077228421e+04 1.413604296841960058e+04 1.455151756152328926e+04 1.464855129162861886e+04
1.427695455931766628e+04 1.436151425756631943e+04 1.408848028012349096e+04 1.413004649651552609e+04 1.395564599829487452e+04 1.395592971444930845e+04 1.394083155940720826e+04 1.387740910303701276e+04 1.388694279222914702e+04 1.387848384101760348e+04 1.386292218816173954e+04 1.387529586404838847e+04 1.389413560136902743e+04 1.393853248906634872e+04 1.393050461310510582e+04 1.400185703414753880e+04 1.427624486111529586e+04 1.416872617763905873e+04 1.440229735153092770e+04 1.450511725114900764e+04
1.452353434580345129e+04 1.422116436610803612e+04 1.422827504572912039e+04 1.409392522691515296e+04 1.395995380484252019e+04 1.395728813432490642e+04 1.392380606415154944e+04 1.389455627033594465e+04 1.385796288448802807e+04 1.387977223185305593e+04 1.385347056768424954e+04 1.388356128128394630e+04 1.389225677398570042e+04 1.395957612898290427e+04 1.410483196258185490e+04 1.406015356821658861e+04 1.409719697881572210e+04 1.418108790334853074e+04 1.435582837502122857e+04 1.457266957430914226e+04
1.460113609161191926e+04 1.428724236291479247e+04 1.430681290757466923e+04 1.407849805732098503e+04 1.402579476052625978e+04 1.390140739465949628e+04 1.389630108125769402e+04 1.393718715263081867e+04 1.387579599507583771e+04 1.390044417028165481e+04 1.390696413352205855e+04 1.392874893066309596e+04 1.403545881799679410e+04 1.405762863839082274e+04 1.398904030854516895e+04 1.416650553493903317e+04 1.415312915396764947e+04 1.453149099086975184e+04 1.453430049427825361e+04 1.463752342760976899e+04
1.431796009655029411e+04 1.430304836410041389e+04 1.427916708506575378e+04 1.401394226379630709e+04 1.406743323273632450e+04 1.393094078259560956e+04 1.392642740203072390e+04 1.389016501392684586e+04 1.390467515079752411e+04 1.386156660708641903e+04 1.388154860855410880e+04 1.388382054409597004e+04 1.403192863717011642e+04 1.406175728037953195e+04 1.409574566420777046e+04 1.420758365131595929e+04 1.434260969418048626e+04 1.447239553443757359e+04 1.449434494575438839e+04 1.456764799406469501e+04
1.442509968380274950e+04 1.422095953204944271e+04 1.408832792577230248e+04 1.416999887982320797e+04 1.401142741095146630e+04 1.403576802615023735e+04 1.390898932012173100e+04 1.387341222509635190e+04 1.393070049382149227e+04 1.387002959109962831e+04 1.392303192877818947e+04 1.393516673963524408e+04 1.396973253769372241e+04 1.414563793334822003e+04 1.418441396286962845e+04 1.426837877930759169e+04 1.433483602590476767e+04 1.444995519731256718e+04 1.451178902734509938e+04 1.465894686626901603e+04
1.430621198396347245e+04 1.436452969727921300e+04 1.414243443746840603e+04 1.403066298069238292e+04 1.398585444329487837e+04 1.398953791442275178e+04 1.387451544936034952e+04 1.389770142915425640e+04 1.391274822073742325e+04 1.393956362827883822e+04 1.400661377129768698e+04 1.401160754331412681e+04 1.410687777176951204e+04 1.399317973625155901e+04 1.415543396538480920e+04 1.433290979617373523e+04 1.425128291518347214e+04 1.457814908695940721e+04 1.447945021970631205e+04 1.485658463989147640e+04
1.414240052109341923e+04 1.428653322652690986e+04 1.406179031342834060e+04 1.408598182817294219e+04 1.398032004352646254e+04 1.397141087720539690e+04 1.396240988003602979e+04 1.389156846451398451e+04 1.390318725848790746e+04 1.390341836222742495e+04 1.392011342742422676e+04 1.393002662473351302e+04 1.406240242014688374e+04 1.413260923580014787e+04 1.435763082300185852e+04 1.422404832012917541e+04 1.433931508054121878e+04 1.453442305912095071e+04 1.452576883388237366e+04 1.485799950804186119e+04
1.425685599757409909e+04 1.427742935280465827e+04 1.402125313313092192e+04 1.403354035369659505e+04 1.391594059134029521e+04 1.400475470984222920e+04 1.391736815880044924e+04 1.393264580077061146e+04 1.392391117884101368e+04 1.399062360551757956e+04 1.400660223686697827e+04 1.399872071775575932e+04 1.424064079616002164e+04 1.414815334606111719e+04 1.444130184413230563e+04 1.432151441530902594e+04 1.439636955254372697e+04 1.457643852854023680e+04 1.478537313051948149e+04 1.495903629556773558e+04
1.415930841434603099e+04 1.414062192009911269e+04 1.403376367426041907e+04 1.405645837914434196e+04 1.400653937870233494e+04 1.393397506563801471e+04 1.389392558692145576e+04 1.392323212336937468e+04 1.391217661174931527e+04 1.392375787669579768e+04 1.406821703593329767e+04 1.398889525463606697e+04 1.418585360157803916e+04 1.418606926606913294e+04 1.432322773972509640e+04 1.434830815125982190e+04 1.445102546681054810e+04 1.468638260883498151e+04 1.453767069982820431e+04 1.519888679984947521e+04
1.434698756003325980e+04 1.419338766616759131e+04 1.400865559836895773e+04 1.406037526424695170e+04 1.400670560750811273e+04 1.397373435935617999e+04 1.395796871125854886e+04 1.397180749912930150e+04 1.395292205740063582e+04 1.403632463824060324e+04 1.408910460898753627e+04 1.416213216864662172e+04 1.407213515989399093e+04 1.440551281361733345e+04 1.429106868322546507e+04 1.473277545501684108e+04 1.465160865273987656e+04 1.489119413182930293e+04 1.508756796475976626e+04 1.501666156249335836e+04
1.414036364946385402e+04 1.414950556440854416e+04 1.403502238913010297e+04 1.402274825782866537e+04 1.394893140797440174e+04 1.396975788155687769e+04 1.398079270860551151e+04 1.396247725869788155e+04 1.402696472280560738e+04 1.414196583375364571e+04 1.401661645106613287e+04 1.414940549777872184e+04 1.414336016994570127e+04 1.428415086085561597e+04 1.444706676092310590e+04 1.462730319374399915e+04 1.456807473722175564e+04 1.472695888888466652e+04 1.523005616131822535e+04 1.529291194454722972e+04
1.418625312001511338e+04 1.409870918687640187e+04 1.405035179725020862e+04 1.410252330829292623e+04 1.405315504647101989e+04 1.402538155150699822e+04 1.397167466654734017e+04 1.400092551037131489e+04 1.402890728855652924e+04 1.406575976539094881e+04 1.409788359327981561e+04 1.427594793202575784e+04 1.433960102707720944e+04 1.429985996859867191e+04 1.435970303489023354e+04 1.468727944203005791e+04 1.500105298211223271e+04 1.498903945642287545e+04 1.517027110619856285e+04 1.524752628455229751e+04
1.401767295357673902e+04 1.403997888953806796e+04 1.408192255684306656e+04 1.399736955876402681e+04 1.400381012260668467e+04 1.406904971812743679e+04 1.400842726569687511e+04 1.402607429053215128e+04 1.406621152538863316e+04 1.407240425188320478e+04 1.421357249260551725e+04 1.454037744218577245e+04 1.441557906541155717e+04 1.459929773999354074e+04 1.497983450761465247e+04 1.471001755813008640e+04 1.516992838652228966e+04 1.489252211222677033e+04 1.494536670511761258e+04 1.541678698577793330e+04
1.405376954849311733e+04 1.404788611696923726e+04 1.402556090053123262e+04 1.400944456620348683e+04 1.401507736647911224e+04 1.402371220767388331e+04 1.408343583927760119e+04 1.404784464827989541e+04 1.415897112465630198e+04 1.413369051267522809e+04 1.431885677695254344e+04 1.460831146740835902e+04 1.440874584054038678e+04 1.465514176546818271e+04 1.468535833803856804e+04 1.505188266215247313e+04 1.493233277521210039e+04 1.522632160857717827e+04 1.531510046234233960e+04 1.577221028701029718e+04
