Primary fragment mass number $A$ : Prompt neutrons emitted per fragment : Error
 73.          0.          0.    
 74.          -0.99       0.    
 75.          0.08        0.79  
 76.          -1.19       0.89  
 77.          -0.32       0.91  
 78.          0.92        0.41  
 79.          -0.94       0.38  
 80.          0.02        0.28  
 81.          0.33        0.26  
 82.          0.58        0.19  
 83.          0.56        0.14  
 84.          0.72        0.12  
 85.          0.73        0.11  
 86.          0.91        0.09  
 87.          0.93        0.08  
 88.          1.08        0.07  
 89.          1.23        0.06  
 90.          1.24        0.06  
 91.          1.26        0.06  
 92.          1.4         0.06  
 93.          1.3         0.06  
 94.          1.43        0.06  
 95.          1.42        0.05  
 96.          1.54        0.05  
 97.          1.29        0.06  
 98.          1.37        0.06  
 99.          1.35        0.06  
 100.         1.57        0.06  
 101.         1.73        0.06  
 102.         1.57        0.06  
 103.         1.6         0.08  
 104.         1.89        0.09  
 105.         1.93        0.11  
 106.         2.01        0.16  
 107.         1.8         0.24  
 108.         2.39        0.36  
 109.         3.12        0.6   
 110.         3.2         0.7   
 111.         2.07        0.61  
 112.         1.32        1.24  
 113.         1.07        1.16  
 114.         -1.03       0.72  
 115.         1.76        0.69  
 116.         0.96        1.05  
 117.         1.97        0.78  
 118.         2.25        1.04  
 119.         0.23        0.87  
 120.         -2.52       1.46  
 121.         2.66        0.98  
 122.         1.16        0.92  
 123.         1.27        0.65  
 124.         -0.05       1.16  
 125.         1.55        0.47  
 126.         -0.03       0.32  
 127.         -0.27       0.24  
 128.         -0.18       0.16  
 129.         0.16        0.11  
 130.         0.12        0.09  
 131.         0.          0.09  
 132.         0.31        0.07  
 133.         0.67        0.07  
 134.         0.78        0.07  
 135.         0.73        0.07  
 136.         0.84        0.07  
 137.         0.81        0.06  
 138.         1.15        0.07  
 139.         1.13        0.07  
 140.         1.23        0.07  
 141.         1.06        0.07  
 142.         1.37        0.07  
 143.         1.3         0.07  
 144.         1.27        0.08  
 145.         1.48        0.08  
 146.         1.54        0.1   
 147.         1.26        0.11  
 148.         1.73        0.13  
 149.         1.78        0.15  
 150.         1.62        0.18  
 151.         2.1         0.2   
 152.         2.32        0.28  
 153.         1.76        0.41  
 154.         1.73        0.5   
 155.         1.48        0.58  
 156.         2.6         0.63  
 157.         -0.43       1.16  
 158.         3.09        2.07  
 159.         6.79        1.46  
 160.         -2.16       0.    
 161.         0.          0.    
 162.         7.35        0.    
 163.         0.          0.    
