Primary fragment mass number $A$ : Prompt neutrons emitted per fragment : Error
 73.          2.38        0.   
 74.          0.          0.   
 75.          -6.59       0.   
 76.          0.          0.   
 77.          -0.17       0.83 
 78.          0.95        0.81 
 79.          -0.7        0.39 
 80.          0.99        0.41 
 81.          0.95        0.33 
 82.          0.42        0.25 
 83.          1.09        0.24 
 84.          1.21        0.23 
 85.          0.46        0.22 
 86.          0.77        0.16 
 87.          1.69        0.19 
 88.          0.83        0.18 
 89.          1.52        0.12 
 90.          1.4         0.14 
 91.          0.96        0.13 
 92.          1.23        0.13 
 93.          1.68        0.11 
 94.          1.24        0.11 
 95.          1.37        0.11 
 96.          1.58        0.12 
 97.          1.45        0.12 
 98.          1.42        0.11 
 99.          1.67        0.12 
 100.         1.21        0.12 
 101.         1.64        0.12 
 102.         1.66        0.13 
 103.         1.75        0.15 
 104.         1.52        0.17 
 105.         1.72        0.18 
 106.         2.56        0.21 
 107.         2.49        0.25 
 108.         1.99        0.32 
 109.         1.78        0.47 
 110.         2.22        0.47 
 111.         2.2         0.47 
 112.         2.34        0.49 
 113.         2.97        0.47 
 114.         3.62        0.33 
 115.         1.85        0.74 
 116.         3.11        0.68 
 117.         2.48        0.7  
 118.         1.78        0.72 
 119.         0.77        0.87 
 120.         3.08        0.6  
 121.         3.61        0.47 
 122.         1.97        0.62 
 123.         0.95        0.51 
 124.         1.12        0.65 
 125.         1.25        0.52 
 126.         1.18        0.36 
 127.         1.33        0.27 
 128.         1.77        0.23 
 129.         1.          0.22 
 130.         0.26        0.19 
 131.         0.91        0.18 
 132.         0.82        0.15 
 133.         1.08        0.15 
 134.         1.07        0.14 
 135.         1.91        0.13 
 136.         1.53        0.14 
 137.         1.53        0.15 
 138.         1.75        0.15 
 139.         1.81        0.14 
 140.         2.04        0.15 
 141.         2.28        0.15 
 142.         1.54        0.16 
 143.         1.7         0.17 
 144.         1.98        0.19 
 145.         2.44        0.17 
 146.         1.85        0.25 
 147.         3.39        0.24 
 148.         2.23        0.22 
 149.         1.45        0.33 
 150.         3.44        0.32 
 151.         3.47        0.33 
 152.         2.9         0.47 
 153.         3.65        0.53 
 154.         4.76        0.52 
 155.         3.55        0.64 
 156.         3.26        0.46 
 157.         7.32        1.39 
 158.         0.          0.   
 159.         -0.59       0.   
 160.         0.          0.   
 161.         4.27        0.   
 162.         0.          0.   
 163.         7.74        0.   
