1.800764084136980525e+00 1.807866172700473451e+00 1.601244113719455520e+00 1.696263648613490993e+00 1.691604031670863817e+00 1.461696956951940907e+00 1.493441340340018186e+00 1.412660903535288837e+00 1.384688561900754955e+00 1.303650727814153809e+00
1.752705410424399313e+00 1.724037982546618109e+00 1.747646698820084499e+00 1.533077236928310549e+00 1.471569788870830120e+00 1.590879688992996366e+00 1.424695932715577484e+00 1.382438162410025484e+00 1.383581880748308901e+00 1.297131352075685973e+00
1.738946682829115575e+00 1.658408444332181375e+00 1.595654397311876860e+00 1.430298559547935611e+00 1.340108993228216638e+00 1.480960457406365949e+00 1.183705537979153899e+00 1.310230966874818215e+00 1.356560802340521565e+00 1.258922677719083394e+00
1.755036654061506329e+00 1.687246802518718392e+00 1.614755079314055708e+00 1.430825023000669161e+00 1.418444921518221769e+00 1.383781801756134078e+00 1.395346823686469895e+00 1.276642141532562391e+00 1.311837796119836863e+00 1.240190387984958065e+00
1.665514115122883831e+00 1.602281735942525431e+00 1.458636301840688043e+00 1.461035218022236792e+00 1.448428562750912363e+00 1.338795485297840981e+00 1.336188544030310510e+00 1.315511945492758628e+00 1.239882339954519797e+00 1.127654823010049157e+00
1.630404943426125408e+00 1.628762765845723770e+00 1.689003971364196444e+00 1.378108621699593472e+00 1.262335001321371442e+00 1.343827176833691572e+00 1.291778363106015792e+00 1.063963247091111564e+00 1.356838262920133875e+00 1.173761352459948171e+00
1.522219715379247384e+00 1.457386065014869336e+00 1.389845263046723289e+00 1.438876903149221897e+00 1.405058849996060344e+00 1.356876957218100310e+00 1.194522380266018313e+00 1.193778712558946298e+00 1.294825866333890962e+00 1.106567511380040614e+00
1.476914264926738385e+00 1.447941546645472810e+00 1.454986374678016725e+00 1.340264738069547379e+00 1.165173683483974321e+00 1.237651261697884753e+00 1.144033677565396534e+00 1.264739129385271221e+00 1.181673230497855887e+00 1.072117916783158931e+00
1.416362414403825598e+00 1.376537432403170280e+00 1.247208367752781655e+00 1.280589435408809207e+00 1.184294780203909658e+00 1.336508222160731396e+00 1.275388193832666772e+00 1.283708617543049213e+00 1.166732453541826420e+00 1.109599638776309849e+00
1.492530741397199545e+00 1.455154772564187127e+00 1.263820314466173489e+00 1.244700681042457235e+00 1.093746943443593578e+00 1.278708407181305517e+00 1.123669051939434116e+00 9.834635177058401734e-01 1.093303840936266313e+00 1.086538656961951066e+00
