6.977293518830999908e+00 6.485178464137578480e+00 6.777091698404458242e+00 6.848654723604866490e+00 6.523439563424446419e+00 6.544191575601879585e+00 7.468649259806200646e+00 6.686067887906613549e+00 6.479550751893381033e+00 6.831188797800932910e+00 6.485765905410188381e+00 5.585945316680763995e+00 6.389072141063152799e+00 5.743082610099504492e+00 6.390499342899582658e+00 6.099139555344551766e+00 6.659934750652007907e+00 6.516585574287390159e+00 6.155567231800316286e+00 6.441148955675589427e+00
6.776408784578778821e+00 7.254400918594440029e+00 6.757000854735876416e+00 6.849330972002496409e+00 7.273475543173571367e+00 7.106368430719833817e+00 7.035812867349003241e+00 7.484762275934050635e+00 6.250913216394029526e+00 6.802508030004243977e+00 7.126267738110627192e+00 6.769025400614580690e+00 7.199929207180236546e+00 6.394339961295253616e+00 6.655096565891137850e+00 6.224285221065800400e+00 6.527053484633235314e+00 6.939454954040606083e+00 6.843917557709616517e+00 6.814913471635591691e+00
7.865042458949870863e+00 7.331589794535461557e+00 7.433846008308883313e+00 7.227999311114869485e+00 7.542390394871641313e+00 7.811685995685623496e+00 7.755283549297423917e+00 7.822866945482498835e+00 7.733206791646439981e+00 7.136320594458784861e+00 7.213979325395703412e+00 6.965607851272809015e+00 7.026546752315086408e+00 7.131754676185316555e+00 6.954345188773210396e+00 7.327656488387343181e+00 7.324496889814045453e+00 6.886915903464432276e+00 7.439177471842537415e+00 7.538575787552623808e+00
7.570482467524913162e+00 8.716132834337335211e+00 7.979361220230779317e+00 8.114613358546476363e+00 8.343576380973614093e+00 8.149603372120296285e+00 7.856779745646215396e+00 8.028730723508536116e+00 7.881406000648817134e+00 7.576808961922986363e+00 7.217751948961162789e+00 7.990280781079873051e+00 7.654188378676597182e+00 7.579690772159040080e+00 7.694190871985246538e+00 7.012562098800193766e+00 7.363952294724583680e+00 7.802607187910902908e+00 7.485096533516010453e+00 7.641106190521501418e+00
8.661554311943676865e+00 8.424322665609077276e+00 7.669157430661044828e+00 8.815656603957727100e+00 8.655362584610283960e+00 9.029356810607508166e+00 8.391658688373869524e+00 8.855518885867807555e+00 8.186090815568894286e+00 8.424587371988199180e+00 8.054708825464951261e+00 8.076763669536266121e+00 8.211499189605929061e+00 7.769887070196613621e+00 8.013255673900482989e+00 7.992636839676988458e+00 7.001362531638770648e+00 7.884931714546565829e+00 7.897926903537370258e+00 7.669086793980824268e+00
8.713612527547262232e+00 8.747933397011061984e+00 8.196953276195486637e+00 9.131302751995129086e+00 8.882691862575052610e+00 9.116207166566095310e+00 8.749890668274783678e+00 8.596013348613640304e+00 8.341035023757132905e+00 8.502031941477689259e+00 7.955887145888500989e+00 8.231453414936970248e+00 7.947981463759181686e+00 8.534664590150022434e+00 8.139577179387149641e+00 8.317325334721834551e+00 8.416366518677726560e+00 8.268557847087249613e+00 8.086035496647532739e+00 8.382045826742096750e+00
8.940205092729080150e+00 9.350982390880401951e+00 9.019338745465038443e+00 8.811048114447908475e+00 8.794655045974437257e+00 9.025908516825689176e+00 9.245185029890430783e+00 9.158265063739374767e+00 8.758270137674223577e+00 8.046214466635358775e+00 8.278340231264206039e+00 9.094076262104955788e+00 8.255599478199838970e+00 8.109230703773649296e+00 8.293280171169451265e+00 8.603802476917877584e+00 8.089860640689126470e+00 8.353503640082664106e+00 8.335371872899905554e+00 7.869117358111173743e+00
9.014606831964780298e+00 9.166741711600563391e+00 9.446989808321122339e+00 9.214925042768127739e+00 8.660093771740932311e+00 9.812938748965441604e+00 9.503375943922200975e+00 9.449444824730251824e+00 9.368499319501705003e+00 8.544053674785059727e+00 8.999080096520724936e+00 8.707689145454143187e+00 8.084731286916651882e+00 8.683195827162712988e+00 8.919967578559429455e+00 9.079478305608301270e+00 8.189500713566989276e+00 8.561264581751137470e+00 8.760491569918864130e+00 8.398078882636353271e+00
9.259774337358955165e+00 9.323453575487027578e+00 9.696900487965626425e+00 1.019148961052261804e+01 8.858422659812852373e+00 9.713538006072104380e+00 9.422435166108197535e+00 9.615714610771719961e+00 9.016593869014373652e+00 9.538278212632544495e+00 9.835637064792805973e+00 9.230063516803163282e+00 8.602044759885551173e+00 8.713995433769550658e+00 9.425912525929913244e+00 9.095808748070897565e+00 9.227827678267964018e+00 9.819727694092733827e+00 8.759914011483035168e+00 9.225092605233960796e+00
9.539976940566740282e+00 9.732366326784442023e+00 1.003326159569881781e+01 1.025515052114782932e+01 1.028712376837368403e+01 9.678240385248107813e+00 9.463546234313378491e+00 1.036109429526634429e+01 9.306104500420962822e+00 9.619085986848590508e+00 9.197028290350765189e+00 8.186236564959326500e+00 1.026329547627411110e+01 8.375170451056298759e+00 9.596253240869561552e+00 8.535425604453406478e+00 8.933251851504438790e+00 9.339511951509987142e+00 9.425200094865251899e+00 9.545443870234013417e+00
1.025117194995730330e+01 1.095379570157497717e+01 1.045550006691901324e+01 1.071809578305981248e+01 1.001874553892591635e+01 9.934486979326573319e+00 9.796116786597039550e+00 9.170604237136128489e+00 9.488091795914055382e+00 1.023148285525706136e+01 9.692754537301375706e+00 9.169242957296827257e+00 9.618925475892453392e+00 8.629415078888806434e+00 9.154614431642446704e+00 9.453210264897689896e+00 9.565527509074941648e+00 1.005888257794680385e+01 9.474491154407663984e+00 9.845795809264506815e+00
9.899741460455349085e+00 1.056620320917968492e+01 9.854145548234797047e+00 1.103684291529229711e+01 1.015462340626847570e+01 9.776434346369896389e+00 1.087963976231741547e+01 1.038180551842007304e+01 1.039362034673617075e+01 9.508156876328049734e+00 9.763639600938354590e+00 9.236326122340091871e+00 9.071044233366995613e+00 9.599184113723790546e+00 9.725191446307022147e+00 1.018478611629095276e+01 9.181600593520094833e+00 1.058034860876594507e+01 9.855233910443503831e+00 9.193522373970175465e+00
1.099554612371990814e+01 1.063278042718256522e+01 1.103295281860430244e+01 1.044524017944056204e+01 1.037084994193397058e+01 9.935175483942936481e+00 1.018029434465801764e+01 1.001221189866027572e+01 9.656133279820668491e+00 1.016367570546899302e+01 1.022862506080559086e+01 9.501974846916453998e+00 9.951161983042172920e+00 9.589986024536303333e+00 9.048544537456217896e+00 9.578571956075258242e+00 1.053490701471629087e+01 1.022471822532707009e+01 1.007796509924231998e+01 1.006416263424613788e+01
1.061914592742270180e+01 1.049942836489005060e+01 1.149326639066795153e+01 1.020989908543642599e+01 1.056559770220685301e+01 1.139239587251677932e+01 1.129156410080916473e+01 9.396963638632417570e+00 1.072200652108685581e+01 9.788089183434475871e+00 1.009001888335442487e+01 9.767726962620933762e+00 9.548742200859432927e+00 9.491993833979268658e+00 1.005934017051355589e+01 9.920953762990231795e+00 9.825858561444240635e+00 9.896167716365908973e+00 1.010479674662759031e+01 9.739659361727422748e+00
1.136195624646910929e+01 1.116914237416770916e+01 1.107233807371345868e+01 1.074760879820293091e+01 1.026436880374879657e+01 1.161001766240711675e+01 1.140236461765102938e+01 1.131304516285315387e+01 1.013474120828602842e+01 1.006414052710062812e+01 1.009759482757194249e+01 9.608081914459129180e+00 9.865218042693459921e+00 1.014135878744647812e+01 1.085745160749570992e+01 1.006362643012089642e+01 9.848321982999708624e+00 1.011169052304182969e+01 1.079189745131056988e+01 1.016941090643984857e+01
1.115148043428549940e+01 1.136017486590611014e+01 1.091026009482239090e+01 1.113069145572079144e+01 1.131104082700933944e+01 1.012855964321751578e+01 1.148831131630724656e+01 1.084742652435538979e+01 1.047405059687997486e+01 1.134394201234727895e+01 1.006716504286634617e+01 1.062774231514742418e+01 1.075464692403398992e+01 9.919417191896945596e+00 1.013090842722831653e+01 1.012252003684928603e+01 1.090072302871195831e+01 1.038768792251961237e+01 1.059135677751375226e+01 1.028485165485647990e+01
1.127653350916587804e+01 1.128115857654364618e+01 1.144135182474528456e+01 1.123754709203838154e+01 1.135705143903235737e+01 1.136952712892084527e+01 1.183587002055995008e+01 1.018186605657465904e+01 1.071299707975528470e+01 1.061743455681681425e+01 1.092301720246196339e+01 1.024049764030771215e+01 1.005558249491793887e+01 1.119533715532891271e+01 1.048869030888768172e+01 1.035246938724088750e+01 1.055420438217278978e+01 1.001311279599549664e+01 9.942854302967123914e+00 1.057748800929087807e+01
1.161053067903667113e+01 1.099949664740012700e+01 1.175651401732725354e+01 1.171490449713958526e+01 1.106683082922064543e+01 1.125574216034728359e+01 1.137560947470756290e+01 1.113910812879493761e+01 1.025352871834752833e+01 1.094547249578283932e+01 1.021279404297753857e+01 1.131634220867777252e+01 1.034463621414958290e+01 1.058359515587623179e+01 1.060063878739055987e+01 9.978844457383885924e+00 1.071807820832811764e+01 1.129491132841022250e+01 1.115630664099900926e+01 1.045773087595324569e+01
1.169118122095613188e+01 1.092314572182483090e+01 1.069791441293109280e+01 1.128115347819906233e+01 1.262296782032390041e+01 1.124594311539982172e+01 1.141795194452909890e+01 1.153673332886264724e+01 1.102174612485886662e+01 1.039813786179794697e+01 1.087119210106078526e+01 1.023251782002290433e+01 1.078990842033023334e+01 1.069246519721701993e+01 1.046672130006210466e+01 1.116389135359093743e+01 1.029998275113974771e+01 9.830364120887407964e+00 1.138711669072916344e+01 1.088781762486278737e+01
1.130842592508603950e+01 1.101631150199134090e+01 1.153480633615767026e+01 1.160711057327913309e+01 1.110833309876895036e+01 1.141933860062760608e+01 1.103755133402433941e+01 1.153284856801658087e+01 1.060133101711801373e+01 1.129828583817570298e+01 9.613889989583849882e+00 1.015841501041116146e+01 1.077388167308765077e+01 1.086461424118177632e+01 1.016911778579747683e+01 1.070172925612070358e+01 1.101852504123876031e+01 1.079435433243863507e+01 1.155063525055990503e+01 1.027043579904935022e+01
