\cite{Bowman_2}
Total Kinetic Energy (MeV) : Mass Number(A) : Neutron Multiplicity : error
204.5         1.03E+02   5.22E-01   2.15E-01
204.5         1.06E+02   7.37E-01   1.76E-01
204.5         1.09E+02   8.53E-01   2.15E-01
204.5         1.11E+02   9.89E-01   2.15E-01
204.5         1.14E+02   1.47E+00   2.94E-01
204.5         1.16E+02   1.86E+00   2.94E-01
204.5         1.18E+02   2.10E+00   3.33E-01
204.5         1.20E+02   2.92E+00   7.05E-01
204.5         1.31E+02   3.51E-01   1.76E-01
204.5         1.33E+02   4.48E-01   1.76E-01
204.5         1.36E+02   7.60E-01   2.35E-01
204.5         1.39E+02   7.79E-01   1.56E-01
204.5         1.41E+02   8.56E-01   2.15E-01
204.5         1.43E+02   6.59E-01   1.95E-01

200.5         1.01E+02   7.17E-01   2.13E-01
200.5         1.03E+02   6.17E-01
200.5         1.06E+02   8.28E-01
200.5         1.08E+02   1.00E+00
200.5         1.12E+02   1.36E+00   1.93E-01
200.5         1.13E+02   1.38E+00   1.16E-01
200.5         1.16E+02   2.21E+00   2.13E-01
200.5         1.18E+02   2.52E+00   2.32E-01
200.5         1.20E+02   3.55E+00   6.39E-01
200.5         1.31E+02   3.37E-01
200.5         1.33E+02   4.70E-01
200.5         1.36E+02   8.75E-01
200.5         1.38E+02   1.00E+00
200.5         1.41E+02   9.29E-01
200.5         1.43E+02   9.26E-01
200.5         1.45E+02   1.00E+00   1.55E-01
200.5         1.48E+02   1.01E+00   2.52E-01
200.5         1.51E+02   1.09E+00   3.88E-01

197.0         9.90E+01   7.81E-01   2.34E-01
197.0         1.01E+02   5.65E-01
197.0         1.04E+02   7.98E-01
197.0         1.06E+02   7.96E-01
197.0         1.09E+02   1.08E+00
197.0         1.12E+02   1.49E+00
197.0         1.14E+02   1.65E+00
197.0         1.17E+02   2.39E+00   1.75E-01
197.0         1.19E+02   3.11E+00   1.56E-01
197.0         1.21E+02   4.16E+00   5.85E-01
197.0         1.26E+02   7.09E-01   1.75E-01
197.0         1.32E+02   3.74E-01
197.0         1.34E+02   5.48E-01
197.0         1.37E+02   9.57E-01
197.0         1.40E+02   1.01E+00
197.0         1.42E+02   9.55E-01
197.0         1.45E+02   1.05E+00
197.0         1.47E+02   1.12E+00
197.0         1.50E+02   1.26E+00   2.14E-01
197.0         1.53E+02   1.32E+00   2.73E-01

193.5         9.70E+01   8.77E-01   1.94E-01
193.5         9.93E+01   8.55E-01   1.75E-01
193.5         1.02E+02   5.59E-01
193.5         1.05E+02   7.52E-01
193.5         1.08E+02   1.08E+00
193.5         1.09E+02   1.27E+00
193.5         1.12E+02   1.73E+00
193.5         1.14E+02   2.08E+00
193.5         1.18E+02   2.53E+00   2.53E-01
193.5         1.20E+02   2.39E+00   2.14E-01
193.5         1.22E+02   4.07E+00   4.10E-01
193.5         1.27E+02   1.00E+00   2.14E-01
193.5         1.34E+02   4.50E-01
193.5         1.35E+02   7.80E-01
193.5         1.38E+02   9.92E-01
193.5         1.40E+02   1.08E+00
193.5         1.43E+02   1.08E+00
193.5         1.46E+02   1.12E+00
193.5         1.48E+02   1.23E+00
193.5         1.51E+02   1.31E+00   2.34E-01
193.5         1.53E+02   1.62E+00   2.92E-01

190.1         9.30E+01   9.23E-01   2.17E-01
190.1         9.60E+01   9.21E-01   1.78E-01
190.1         9.90E+01   1.03E+00
190.1         1.02E+02   7.78E-01
190.1         1.04E+02   9.34E-01
190.1         1.07E+02   1.22E+00
190.1         1.09E+02   1.58E+00
190.1         1.12E+02   1.99E+00
190.1         1.15E+02   2.52E+00
190.1         1.18E+02   2.87E+00
190.1         1.19E+02   3.88E+00   1.97E-01
190.1         1.21E+02   3.98E+00   3.75E-01
190.1         1.27E+02   1.29E+00   2.37E-01
190.1         1.33E+02   6.54E-01
190.1         1.35E+02   9.68E-01
190.1         1.38E+02   1.24E+00
190.1         1.40E+02   1.26E+00
190.1         1.43E+02   1.35E+00
190.1         1.45E+02   1.37E+00
190.1         1.47E+02   1.37E+00
190.1         1.51E+02   1.43E+00
190.1         1.53E+02   1.54E+00   1.97E-01
190.1         1.56E+02   1.72E+00   3.16E-01
190.1         1.59E+02   1.89E+00   4.93E-01

186.6         9.30E+01   8.71E-01   1.57E-01
186.6         9.60E+01   9.71E-01   1.38E-01
186.6         9.80E+01   1.01E+00
186.6         1.01E+02   9.34E-01
186.6         1.04E+02   1.21E+00
186.6         1.06E+02   1.44E+00
186.6         1.09E+02   1.92E+00
186.6         1.12E+02   2.29E+00
186.6         1.14E+02   2.84E+00
186.6         1.17E+02   3.42E+00   1.96E-01
186.6         1.19E+02   4.72E+00   3.14E-01
186.6         1.21E+02   4.05E+00   4.32E-01
186.6         1.25E+02   1.67E+00   2.75E-01
186.6         1.32E+02   7.69E-01
186.6         1.34E+02   1.16E+00
186.6         1.37E+02   1.46E+00
186.6         1.39E+02   1.46E+00
186.6         1.42E+02   1.59E+00
186.6         1.45E+02   1.52E+00
186.6         1.47E+02   1.52E+00
186.6         1.50E+02   1.78E+00
186.6         1.52E+02   1.68E+00   2.55E-01
186.6         1.55E+02   2.11E+00   2.36E-01
186.6         1.59E+02   2.05E+00   3.74E-01
186.6         1.62E+02   2.73E+00   6.29E-01

183.1         9.00E+01   6.48E-01   1.55E-01
183.1         9.40E+01   9.76E-01   2.14E-01
183.1         9.60E+01   1.09E+00
183.1         9.80E+01   1.06E+00
183.1         1.01E+02   1.10E+00
183.1         1.04E+02   1.08E+00
183.1         1.07E+02   1.43E+00
183.1         1.09E+02   2.05E+00
183.1         1.12E+02   2.77E+00
183.1         1.14E+02   3.33E+00
183.1         1.17E+02   3.58E+00   2.34E-01
183.1         1.19E+02   4.44E+00   2.72E-01
183.1         1.21E+02   4.22E+00   5.45E-01
183.1         1.26E+02   1.97E+00   3.90E-01
183.1         1.33E+02   6.25E-01
183.1         1.35E+02   1.38E+00
183.1         1.37E+02   1.44E+00
183.1         1.40E+02   1.63E+00
183.1         1.42E+02   1.72E+00
183.1         1.45E+02   1.70E+00
183.1         1.47E+02   1.76E+00
183.1         1.50E+02   1.72E+00
183.1         1.53E+02   2.12E+00   2.72E-01
183.1         1.56E+02   1.94E+00   2.14E-01
183.1         1.59E+02   2.33E+00   2.73E-01
183.1         1.62E+02   2.23E+00   4.68E-01

179.6         9.10E+01   9.61E-01   1.74E-01
179.6         9.40E+01   1.06E+00   1.74E-01
179.6         9.70E+01   1.37E+00
179.6         9.90E+01   1.22E+00
179.6         1.01E+02   1.36E+00
179.6         1.05E+02   1.59E+00
179.6         1.07E+02   2.18E+00
179.6         1.09E+02   2.70E+00
179.6         1.12E+02   3.27E+00
179.6         1.14E+02   4.24E+00   1.74E-01
179.6         1.17E+02   4.21E+00   2.52E-01
179.6         1.19E+02   5.16E+00   4.46E-01
179.6         1.21E+02   4.93E+00   6.40E-01
179.6         1.26E+02   2.64E+00   4.07E-01
179.6         1.32E+02   1.27E+00
179.6         1.35E+02   1.68E+00
179.6         1.37E+02   1.88E+00
179.6         1.40E+02   2.09E+00
179.6         1.42E+02   2.21E+00
179.6         1.45E+02   2.23E+00
179.6         1.47E+02   2.31E+00
179.6         1.50E+02   2.26E+00
179.6         1.53E+02   2.61E+00   2.52E-01
179.6         1.56E+02   2.52E+00   2.52E-01
179.6         1.60E+02   2.89E+00   2.91E-01
179.6         1.62E+02   3.73E+00   4.66E-01

176.1         8.90E+01   1.19E+00   2.15E-01
176.1         9.30E+01   1.23E+00   1.76E-01
176.1         9.50E+01   1.56E+00   1.56E-01
176.1         9.80E+01   1.50E+00
176.1         1.01E+02   1.56E+00
176.1         1.04E+02   1.90E+00
176.1         1.06E+02   2.50E+00
176.1         1.08E+02   3.07E+00
176.1         1.11E+02   3.49E+00   2.35E-01
176.1         1.13E+02   5.00E+00   2.15E-01
176.1         1.16E+02   4.82E+00   2.94E-01
176.1         1.19E+02   6.33E+00   6.27E-01
176.1         1.21E+02   4.76E+00   6.07E-01
176.1         1.25E+02   3.17E+00   5.49E-01
176.1         1.32E+02   1.49E+00   2.54E-01
176.1         1.35E+02   1.80E+00   2.74E-01
176.1         1.38E+02   2.07E+00   1.96E-01
176.1         1.39E+02   2.21E+00   1.56E-01
176.1         1.42E+02   2.33E+00   1.37E-01
176.1         1.45E+02   2.43E+00
176.1         1.47E+02   2.72E+00
176.1         1.50E+02   2.64E+00
176.1         1.53E+02   2.90E+00
176.1         1.56E+02   2.56E+00   1.96E-01
176.1         1.59E+02   3.56E+00   2.15E-01
176.1         1.62E+02   3.56E+00   2.94E-01

172.6         9.00E+01   1.04E+00   1.76E-01
172.6         9.30E+01   1.57E+00   2.15E-01
172.6         9.60E+01   1.71E+00   1.76E-01
172.6         9.80E+01   1.73E+00   1.76E-01
172.6         1.01E+02   1.84E+00   2.15E-01
172.6         1.04E+02   2.19E+00   1.37E-01
172.6         1.07E+02   3.04E+00   1.76E-01
172.6         1.09E+02   3.84E+00   1.96E-01
172.6         1.12E+02   3.93E+00   2.15E-01
172.6         1.14E+02   5.40E+00   3.52E-01
172.6         1.22E+02   4.56E+00   9.41E-01
172.6         1.26E+02   3.14E+00   7.05E-01
172.6         1.35E+02   1.65E+00   3.33E-01
172.6         1.41E+02   2.00E+00   2.74E-01
172.6         1.43E+02   2.72E+00   2.35E-01
172.6         1.46E+02   2.27E+00   1.56E-01
172.6         1.48E+02   2.78E+00   2.15E-01
172.6         1.51E+02   2.60E+00   1.96E-01
172.6         1.54E+02   2.97E+00   1.76E-01
172.6         1.57E+02   3.11E+00   1.76E-01
172.6         1.60E+02   2.91E+00   1.17E-01
172.6         1.63E+02   3.09E+00   3.33E-01
172.6         1.65E+02   2.91E+00   2.94E-01
172.6         1.67E+02   3.79E+00   5.09E-01