\cite{Zakharova}
Total Kinetic Energy (MeV) : Energy (MeV) : Mass Number (A) : Average Neutron Multiplicity : error 
  130.       135.        78.        0.4        25.
  130.       135.        79.5       0.
  130.       135.        81.        1.45       18.4
  130.       135.        82.5       2.45       17.8
  130.       135.        84.        2.05       20.
  130.       135.        85.5       0.
  130.       135.        87.        0.45       33.
  130.       135.        88.5       0.
  130.       135.        90.        0.5        32.
  130.       135.        91.5       1.45       22.
  130.       135.        93.        1.25       22.
  130.       135.        94.5       1.85       27.
  130.       135.        96.        2.9        18.5
  130.       135.        97.5       0.
  130.       135.        99.        1.1        22.
  130.       135.       100.5       1.2        21.
  130.       135.       102.        1.5        19.2
  130.       135.       103.5       2.5        16.8
  130.       135.       105.        2.6        16.8
  130.       135.       106.5       0.
  130.       135.       108.        0.5        27.
  130.       135.       109.5       1.6        17.3
  130.       135.       111.        1.05       15.6
  130.       135.       112.5       0.9        18.2
  130.       135.       114.        1.75       15.
  130.       135.       115.5       2.8        14.8
  130.       135.       117.        3.25       14.7
  130.       135.       118.5       1.4        18.
  130.       135.       120.        1.15       18.5
  130.       135.       121.5       0.05       14.5
  130.       135.       123.        3.45       14.4
  130.       135.       124.5       2.65       15.5
  130.       135.       126.        5.95       14.3
  130.       135.       127.5       4.75       15.5
  130.       135.       129.        3.4        14.8
  130.       135.       130.5       2.7        15.
  130.       135.       132.        3.4        15.
  130.       135.       133.5       2.75       15.5
  130.       135.       135.        1.8        16.6
  130.       135.       136.5       2.7        15.8
  130.       135.       138.        4.1        16.6
  130.       135.       139.5       2.45       15.8
  130.       135.       141.        0.7        27.
  130.       135.       142.5       1.95       24.
  130.       135.       144.        3.3        17.6
  130.       135.       145.5       3.5        15.8
  130.       135.       147.         2.3       15.8
  130.       135.       148.5       2.43       17.
  130.       135.       150.        4.8        15.
  130.       135.       151.5       4.75       15.6
  130.       135.       153.        3.2        24.

  140.       145.        78.        0.9            12.4
  140.       145.        79.5       1.3            10.6
  140.       145.        81.        0.85           10.2
  140.       145.        82.5       1.9             9.1
  140.       145.        84.        1.4             9.2
  140.       145.        85.5       1.6             8.6
  140.       145.        87.        1.85            8.6
  140.       145.        88.5       2.25            8.6
  140.       145.        90.        2.5             8.1
  140.       145.        91.5       3.1             7.9
  140.       145.        93.        3.25            8.4
  140.       145.        94.5       3.05            8.6
  140.       145.        96.        2.8             8.6
  140.       145.        97.5       2.9             9.4
  140.       145.        99.        3.1             9.4
  140.       145.       100.5       3.6             8.6
  140.       145.       102.        3.6             8.6
  140.       145.       103.5       3.85            9.8
  140.       145.       105.        3.15            9.8
  140.       145.       106.5       3.45            9.8
  140.       145.       108.        4.05            9.8
  140.       145.       109.5       3.35            9.8
  140.       145.       111.        1.5            11.
  140.       145.       112.5       2.25           10.
  140.       145.       114.        2.85            9.1
  140.       145.       115.5       2.65            9.2
  140.       145.       117.        2.4             9.1
  140.       145.       118.5       1.45            9.8
  140.       145.       120.        1.8             9.6
  140.       145.       121.5       2.85           8.4
  140.       145.       123.        3.6            8.4
  140.       145.       124.5       2.2            9.1
  140.       145.       126.        3.2            8.4
  140.       145.       127.5       3.55           8.8
  140.       145.       129.        3.0            8.8
  140.       145.       130.5       2.55           9.1
  140.       145.       132.        2.75           9.1
  140.       145.       133.5       2.45           9.4
  140.       145.       135.        2.55           9.1
  140.       145.       136.5       2.3            9.4
  140.       145.       138.        2.0           10.
  140.       145.       139.5       2.1            9.4
  140.       145.       141.        2.65           9.1
  140.       145.       142.5       2.85           9.4
  140.       145.       144.       2.8             9.4
  140.       145.       145.5       2.65           9.4
  140.       145.       147.        2.7            8.6
  140.       145.       148.5       2.8            8.2
  140.       145.       150.        2.75           8.4
  140.       145.       151.5       3.8            8.4
  140.       145.       153.        4.65           7.9
  140.       145.       154.5       4.9            7.2
  140.       145.       156.        4.55           7.2
  140.       145.       157.5       4.8            7.2
  140.       145.       159.        5.35           8.7
  140.       145.       160.5       4.8           16.

  150.       152.5       78.       0.7            16.
  150.       152.5       79.5      1.0            13.
  150.       152.5       81.       1.1            11.
  150.       152.5       82.5      1.4             9.
  150.       152.5       84.       1.7             8.
  150.       152.5       85.5      1.4             7.
  150.       152.5       87.       1.6             6.
  150.       152.5       88.5      1.4             5.
  150.       152.5       90.       1.3             5.
  150.       152.5       91.5      1.5             5.
  150.       152.5       93.       1.8             5.
  150.       152.5       94.5      2.1             6.
  150.       152.5       96.       2.3             5.
  150.       152.5       97.5      2.7             5.
  150.       152.5       99.       3.0             5.
  150.       152.5      100.5      3.6             6.
  150.       152.5      102.       3.8             6.
  150.       152.5      103.5      3.4             6.
  150.       152.5      105.       4.0             6.
  150.       152.5      106.5      4.7             7.
  150.       152.5      108.       5.0             7.
  150.       152.5      109.5      4.6            7.
  150.       152.5      111.       4.2             7.
  150.       152.5      112.5      3.5             8.
  150.       152.5      114.       4.4             8.
  150.       152.5      115.5      3.7             8.
  150.       152.5      117.       3.4             8.
  150.       152.5      118.5      2.9             9.
  150.       152.5      120.       3.1             9.
  150.       152.5      121.5      2.7             9.
  150.       152.5      123.       3.0             9.
  150.       152.5      124.5      2.1             9.
  150.       152.5      126.       3.1             9.
  150.       152.5      127.5      2.8             9.
  150.       152.5      129.       2.5             9.
  150.       152.5      130.5      3.6             9.
  150.       152.5      132.       2.6             8.
  150.       152.5      133.5      2.1             8.
  150.       152.5      135.       2.1             8.
  150.       152.5      136.5      1.9             8.
  150.       152.5      138.       2.6             7.
  150.       152.5      139.5      2.5             7.
  150.       152.5      141.       2.6             6.
  150.       152.5      142.5      2.0             6.
  150.       152.5      144.       2.3             6.
  150.       152.5      145.5      3.0             5.
  150.       152.5      147.      3.2              5.
  150.       152.5      148.5      3.1             5.
  150.       152.5      150.       3.8             5.
  150.       152.5      151.5      3.9             5.
  150.       152.5      153.       3.4             5.
  150.       152.5      154.5      3.5             5.
  150.       152.5      156.       4.4             5.
  150.       152.5      157.5      3.7             5.
  150.       152.5      159.       3.5             6.
  150.       152.5      160.5      3.8             6.
  150.       152.5      162.       4.1             7.
  150.       152.5      163.5      4.8             8.
  150.       152.5      165.       5.3            13.

  160.       162.5       78.        0.3            25.
  160.       162.5       79.5       0.6            16.
  160.       162.5       81.        1.0            10.
  160.       162.5       82.5       0.9             9.
  160.       162.5       84.        1.0             7.
  160.       162.5       85.5       1.1             6.
  160.       162.5       87.        1.3             5.
  160.       162.5       88.5      1.2              5.
  160.       162.5       90.        1.4             4.
  160.       162.5       91.5      1.4              4.
  160.       162.5       93.        1.5             3.
  160.       162.5       94.5       1.8             3.
  160.       162.5       96.        2.1             3.
  160.       162.5       97.5       1.8             3.
  160.       162.5       99.        1.8             2.
  160.       162.5      100.5       1.8             2.
  160.       162.5      102.        2.2             2.
  160.       162.5      103.5       2.9             3.
  160.       162.5      105.        3.1             3.
  160.       162.5      106.5       3.3             3.
  160.       162.5      108.        2.7             3.
  160.       162.5      109.5       3.8             3.
  160.       162.5      111.        4.0             3.
  160.       162.5      112.5       4.0             4.
  160.       162.5      114.        4.4             4.
  160.       162.5      115.5       4.6             5.
  160.       162.5      117.        4.6             5.
  160.       162.5      118.5       4.7             5.
  160.       162.5      120.        4.3             6.
  160.       162.5      121.5       4.3             6.
  160.       162.5      123.        3.9             7.
  160.       162.5      124.5       2.5             7.
  160.       162.5      126.        3.1             7.
  160.       162.5      127.5       2.5             7.
  160.       162.5      129.        2.2             6.
  160.       162.5      130.5       2.1             6.
  160.       162.5      132.        2.1             5.
  160.       162.5      133.5       1.9             5.
  160.       162.5      135.        1.9             4.
  160.       162.5      136.5       2.0             4.
  160.       162.5      138.        2.1             3.
  160.       162.5      139.5       2.1             3.
  160.       162.5      141.        2.0             3.
  160.       162.5      142.5       2.0             3.
  160.       162.5      144.        2.4             3.
  160.       162.5      145.5       2.6             2.
  160.       162.5      147.        2.4             2.
  160.       162.5      148.5       2.7             2.
  160.       162.5      150.        2.9             2.
  160.       162.5      151.5       3.3             3.
  160.       162.5      153.        3.9             3.
  160.       162.5      154.5       4.1             3.
  160.       162.5      156.        4.1             3.
  160.       162.5      157.5       3.9             3.
  160.       162.5      159.        3.5             4.
  160.       162.5      160.5       3.3             5.
  160.       162.5      162.        4.0             5.
  160.       162.5      163.5       3.5             6.
  160.       162.5      165.        3.2             8.
  160.       162.5      166.5       4.2             8.
  160.       162.5      168.        4.3            11.
  160.       162.5      169.5       6.3            17.

  170.       172.5       78.        0.8            33.
  170.       172.5       79.5       0.5            27.
  170.       172.5       81.        0.2            26.
  170.       172.5       82.5       0.2            23.
  170.       172.5       84.        1.0            10.
  170.       172.5       85.5       0.9             8.
  170.       172.5       87.        0.9             6.
  170.       172.5       88.5       1.              5.
  170.       172.5       90.        1.1             4.
  170.       172.5       91.5       1.1             4.
  170.       172.5       93.        1.1             3.
  170.       172.5       94.5       1.2             3.
  170.       172.5       96.        1.3             2.
  170.       172.5       97.5       1.3             2.
  170.       172.5       99.        1.6             2.
  170.       172.5      100.5       1.7             2.
  170.       172.5      102.        2.0             2.
  170.       172.5      103.5       2.2             2.
  170.       172.5      105.        2.3             2.
  170.       172.5      106.5       2.3             2.
  170.       172.5      108.        2.7            2.
  170.       172.5      109.5       3.0            2.
  170.       172.5      111.        3.3            2.
  170.       172.5      112.5       3.9            2.
  170.       172.5      114.        4.1            2.
  170.       172.5      115.5       4.3            2.
  170.       172.5      117.        4.4            3.
  170.       172.5      118.5       4.9            3.
  170.       172.5      120.        5.5            4.
  170.       172.5      121.5       5.1            4.
  170.       172.5      123.        4.4            5.
  170.       172.5      124.5       2.2            5.
  170.       172.5      126.        2.0            5.
  170.       172.5      127.5       1.4            5.
  170.       172.5      129.        1.4            5.
  170.       172.5      130.5       1.3            4.
  170.       172.5      132.        1.2            3.
  170.       172.5      133.5       1.5            3.
  170.       172.5      135.        1.6            2.
  170.       172.5      136.5       1.6            2.
  170.       172.5      138.        1.6            2.
  170.       172.5      139.5       1.8            2.
  170.       172.5      141.        1.8            2.
  170.       172.5      142.5       1.8            2.
  170.       172.5      144.        2.0            2.
  170.       172.5      145.5       2.2            2.
  170.       172.5      147.        2.4            2.
  170.       172.5      148.5       2.6            2.
  170.       172.5      150.        2.7            2.
  170.       172.5      151.5       2.8            2.
  170.       172.5      153.        2.9            2.
  170.       172.5      154.5       2.7            2.
  170.       172.5      156.        2.8            3.
  170.       172.5      157.5       2.7            3.
  170.       172.5      159.        2.7            4.
  170.       172.5      160.5       2.7            5.
  170.       172.5      162.        2.7            6.
  170.       172.5      163.5       2.6            8.
  170.       172.5      165.        2.4           11.
  170.       172.5      166.5       2.1           16.
  170.       172.5      168.        2.6           22.

  180.       182.5       85.5       0.
  180.       182.5       87.        0.7        18.
  180.       182.5       88.5       0.8        11.
  180.       182.5       90.        0.8         8.
  180.       182.5       91.5       0.8         6.
  180.       182.5       93.        0.9         5.
  180.       182.5       94.5       0.7         4.
  180.       182.5       96.        0.8         3.
  180.       182.5       97.5       0.9         3.
  180.       182.5       99.        1.0         2.
  180.       182.5      100.5       1.0         2.
  180.       182.5      102.        1.1         2.
  180.       182.5      103.5       1.4         1.
  180.       182.5      105.        1.8         1.
  180.       182.5      106.5       2.1         1.
  180.       182.5      108.        2.2         1.
  180.       182.5      109.5       2.4         1.
  180.       182.5      111.        2.6         1.
  180.       182.5      112.5       2.8         1.
  180.       182.5      114.        3.0         2.
  180.       182.5      115.5       3.1         2.
  180.       182.5      117.        3.3         2.
  180.       182.5      118.5       4.0         2.
  180.       182.5      120.        4.6         3.
  180.       182.5      121.5       4.9         3.
  180.       182.5      123.        5.2         4.
  180.       182.5      124.5       1.7         4.
  180.       182.5      126.        1.2         5.
  180.       182.5      127.5       0.9         4.
  180.       182.5      129.        0.6         4.
  180.       182.5      130.5       0.8        3.
  180.       182.5      132.        1.0        3.
  180.       182.5      133.5       1.1        2.
  180.       182.5      135.        1.3        2.
  180.       182.5      136.5       1.3        2.
  180.       182.5      138.        1.3        2.
  180.       182.5      139.5       1.3        1.
  180.       182.5      141.        1.5        1.
  180.       182.5      142.5       1.5        1.
  180.       182.5      144.        1.6        1.
  180.       182.5      145.5       1.8        1.
  180.       182.5      147.        1.8        1.
  180.       182.5      148.5       1.9        2.
  180.       182.5      150.        1.9        2.
  180.       182.5      151.5       2.0        2.
  180.       182.5      153.        1.9        3.
  180.       182.5      154.5       2.0        3.
  180.       182.5      156.        1.8        4.
  180.       182.5      157.5       1.5        6.
  180.       182.5      159.        1.6        8.
  180.       182.5      160.5       1.8       10.
  180.       182.5      162.        1.7       15.

  190.       192.5       91.5       0.
  190.       192.5       93.        0.4            28.
  190.       192.5       96.        0.4             9.
  190.       192.5       97.5       0.3             7.
  190.       192.5       99.        0.5             5.
  190.       192.5      100.5       0.5             4.
  190.       192.5      102.        0.7             3.
  190.       192.5      103.5       0.9             2.
  190.       192.5      105.        1.1             2.
  190.       192.5      106.5       1.3             2.
  190.       192.5      108.        1.3             2.
  190.       192.5      109.5       1.5             2.
  190.       192.5      111.        1.8             2.
  190.       192.5      112.5       2.2             2.
  190.       192.5      114.        2.3             2.
  190.       192.5      115.5       2.7             2.
  190.       192.5      117.        2.8             2.
  190.       192.5      118.5       3.4             2.
  190.       192.5      120.        3.7             2.
  190.       192.5      121.5      3.9              3.
  190.       192.5      123.       4.5              3.
  190.       192.5      124.5      2.3              4.
  190.       192.5      126.       1.1              5.
  190.       192.5      127.5      0.5              5.
  190.       192.5      129.       0.4              3.
  190.       192.5      130.5      0.5              4.
  190.       192.5      132.       0.6              3.
  190.       192.5      133.5      0.8              3.
  190.       192.5      135.       0.9              2.
  190.       192.5      136.5      1.1              2.
  190.       192.5      138.       1.2              2.
  190.       192.5      139.5      1.1              2.
  190.       192.5      141.       1.1              2.
  190.       192.5      142.5      1.0              2.
  190.       192.5      144.       1.1              2.
  190.       192.5      145.5      1.2              2.
  190.       192.5      147.       1.2              2.
  190.       192.5      148.5      1.3              3.
  190.       192.5      150.       1.2              3.
  190.       192.5      151.5      1.0              5.
  190.       192.5      153.       1.2              6.
  190.       192.5      154.5      0.9             12.

  200.       202.5      100.5      0.
  200.       202.5      102.       0.3            13.
  200.       202.5      103.5      0.4             8.
  200.       202.5      105.       0.5             6.
  200.       202.5      106.5      0.6             5.
  200.       202.5      108.       0.9             4.
  200.       202.5      109.5      1.0             4.
  200.       202.5      111.       1.1             3.
  200.       202.5      112.5      1.3             3.
  200.       202.5      114.       1.6             3.
  200.       202.5      115.5      1.7             3.
  200.       202.5      117.       1.8             3.
  200.       202.5      118.5      2.4             3.
  200.       202.5      120.       2.6             3.
  200.       202.5      121.5      2.9             3.
  200.       202.5      123.       3.6             4.
  200.       202.5      124.5      1.3             6.
  200.       202.5      126.       0.9             6.
  200.       202.5      127.5      0.4             7.
  200.       202.5      129.       0.3             7.
  200.       202.5      130.5      0.3             6.
  200.       202.5      132.       0.5             5.
  200.       202.5      133.5      0.5             4.
  200.       202.5      135.       0.5             4.
  200.       202.5      136.5      0.6             4.
  200.       202.5      138.       0.5             4.
  200.       202.5      139.5      0.7             4.
  200.       202.5      141.       0.8             4.
  200.       202.5      142.5      0.7             5.
  200.       202.5      144.       0.7             5.
  200.       202.5      145.5      0.4             6.
  200.       202.5      147.       0.8             9.

  210.       215.       108.       0.
  210.       215.       109.5      0.4        21.
  210.       215.       111.       0.6        11.7
  210.       215.       112.5      1.1         8.
  210.       215.       114.       1.05        7.2
  210.       215.       115.5      0.9         5.7
  210.       215.       117.       1.2         4.8
  210.       215.       118.5      1.55        4.6
  210.       215.       120.       1.65        4.6
  210.       215.       121.5      2.0         4.6
  210.       215.       123.       2.05        4.8
  210.       215.       124.5      1.8         5.2
  210.       215.       126.       2.25        5.7
  210.       215.       127.5      1.85        6.
  210.       215.       129.       0.75        6.7
  210.       215.       130.5      0.4         7.4
  210.       215.       132.       0.4         8.9
  210.       215.       133.5      0.35        8.1
  210.       215.       135.       0.2        11.7
  210.       215.       136.5      0.53        9.4
  210.       215.       138.       0.95        9.8
  210.       215.       139.5      0.4        17.