9.042394558662845157e+03 6.924474641414802136e+03 6.837284428852392921e+03 4.548828972698433063e+03 3.652547059039352916e+03 2.607727758978290694e+03 2.067485874465687175e+03 1.167081447880697169e+03 6.327945253246385846e+02 4.444745537155417310e+02 1.291241529838235067e+02 4.443601114441577238e+00 8.331772765812219461e+01 1.885720119813484530e+02 6.219507303384781380e+02 1.077327563431135331e+03 1.729949559571738291e+03 2.264662572518710022e+03 3.518253605035718465e+03 4.516438253162727960e+03
8.823110311612312216e+03 7.302857267144462639e+03 5.626608185764695918e+03 4.629862722123386447e+03 3.492122888539227915e+03 2.286412011488082044e+03 1.924847988176794388e+03 1.369422533274668240e+03 6.340911647052781746e+02 3.175972814806008273e+02 9.567946632858664202e+01 4.536303200672533009e+00 7.377305739098788706e+01 3.258335177849365323e+02 5.217035551923327148e+02 1.161050964302886996e+03 1.617005600479713166e+03 2.836644805618978353e+03 3.517930700185716432e+03 4.295892938254643013e+03
7.767792452237943507e+03 7.042879843575823543e+03 5.919504428241581991e+03 4.208977984074208507e+03 3.588235496903332660e+03 2.645476092725180933e+03 1.976079944849625690e+03 1.146409288078499458e+03 6.217670187755639972e+02 2.963871780791800461e+02 6.903033422721023271e+01 5.139265584961797195e+00 2.263627309049042324e+01 3.024571536050196414e+02 6.213296748387074331e+02 1.183366226893255316e+03 1.797805610485147781e+03 2.787584355155761386e+03 3.580402016733500659e+03 4.365438670065916995e+03
8.297083375216949207e+03 6.560375671340369081e+03 5.871458576235106193e+03 3.879015719125516625e+03 3.814474323808025019e+03 2.530206017563992646e+03 1.679870514529191496e+03 1.096562998949506891e+03 6.636380395222132620e+02 2.513450583205088833e+02 1.594000895872889885e+02 1.690186176081227387e+01 1.331799468556493480e+02 3.548171797978985751e+02 7.871576701510031171e+02 1.119633806917741595e+03 2.201212518822606398e+03 2.751410665481966134e+03 3.536546651628516429e+03 4.572955583695620589e+03
7.496274109576510455e+03 6.927381055296757040e+03 5.017463275091761716e+03 4.266438507557033518e+03 3.112394822242723876e+03 2.669975212553626989e+03 1.547602324059576404e+03 8.900271870857935710e+02 6.374290159760108736e+02 2.146728730735351576e+02 8.726588105392498562e+01 1.154707573603342574e+01 1.088288598763547270e+02 4.060732748170274249e+02 7.842155266063044792e+02 1.137214611805773757e+03 1.826940302435738204e+03 2.564132270093047282e+03 3.351027982402202269e+03 4.888486660244932864e+03
7.502817639102691828e+03 6.538415829138209119e+03 5.468601498049902148e+03 3.770250596341859818e+03 3.101828174347988352e+03 2.506395263553108634e+03 1.717112510840761161e+03 1.066199567059622041e+03 6.031226421150158785e+02 2.293600527138636096e+02 4.654511280759506775e+01 5.864123412938721636e+00 1.304354929437280930e+02 3.712630030570032318e+02 4.763482241132800254e+02 1.340538243089719799e+03 1.813433449112476183e+03 2.851068449874602265e+03 3.509900444115798564e+03 4.817443837613747746e+03
7.746068707541046933e+03 7.112280821948921584e+03 5.190514601839829993e+03 4.176958890672541202e+03 3.006107141443444561e+03 2.142546162124233888e+03 1.445322723386462712e+03 1.042506035816520125e+03 5.285009655706596732e+02 2.312665737512143949e+02 3.433567431590198282e+01 4.635908058173668245e+00 1.086994540884466147e+02 2.432772515543873624e+02 7.773408736147209765e+02 1.204859519422954691e+03 2.024670623014410467e+03 3.121284083291709067e+03 3.814596449421102079e+03 5.338272174199151777e+03
7.769054679261114870e+03 5.575322849281429626e+03 4.929609641062589617e+03 4.264862655207229182e+03 3.272519915935844438e+03 2.299071849488008866e+03 1.523588221770081418e+03 1.034338564007371133e+03 4.806255491344592770e+02 1.623689517975688545e+02 4.214209097839119522e+01 5.031093924140012774e+00 1.247041890348531155e+02 3.680306037358437266e+02 8.041525451224721337e+02 1.308458945753992111e+03 2.167029081967640195e+03 2.717017392169148934e+03 4.020629729515990675e+03 4.762599621281657164e+03
7.736438805828065597e+03 6.092635819475795870e+03 4.740961529922578848e+03 4.024882810310002696e+03 3.277594555018632946e+03 1.925738962682396050e+03 1.478871596991110664e+03 7.901089335753038085e+02 5.331098474728693191e+02 1.755628223829344279e+02 3.611609663775155354e+01 3.485869993912908171e+01 1.440212273344989171e+02 3.054115990249972583e+02 7.408183640680110784e+02 1.470353797968686649e+03 2.078123362750119213e+03 2.773864892686188341e+03 3.514083406703061883e+03 5.063131268443888985e+03
7.636824117548891991e+03 6.004843059516721951e+03 4.800346456051545829e+03 3.714229970501228763e+03 2.927078742511402197e+03 2.119860773728725235e+03 1.300124282445504150e+03 7.091242071193084939e+02 2.566059534122854302e+02 1.328412416905148916e+02 2.622572424795106372e+01 4.162517839107287898e+01 1.718381147428652298e+02 3.972130750565407880e+02 7.007002744533577925e+02 1.405886071722543647e+03 2.216059056991161469e+03 2.894195493251856533e+03 4.285667921488421598e+03 5.365433840821737249e+03
7.065171254227665486e+03 5.630368249889156687e+03 5.110788979399289019e+03 4.005439210048348286e+03 2.700071473515559774e+03 2.019630402386790138e+03 1.391968405910644378e+03 7.602905550001025858e+02 4.586123206766239377e+02 2.496663947191766511e+02 5.409697056704102636e+01 2.351118324892692613e+01 1.881452907609990177e+02 5.210878743934932800e+02 7.327833920714109581e+02 1.423593903319259425e+03 2.381519352126128524e+03 3.033226351995816003e+03 4.123940713958185370e+03 5.262738802735710124e+03
6.914502169612445869e+03 6.086651842490964555e+03 4.681371674414212066e+03 3.534263141426810762e+03 2.757129123801633341e+03 1.846156488947423895e+03 1.670490691823172938e+03 7.995937231031070951e+02 3.254846869837645045e+02 2.081530976996144489e+02 2.641059577384668700e+01 8.661090765640043543e+00 1.859985603808043493e+02 4.477044574028180932e+02 1.043364941047830371e+03 1.376916897811788658e+03 2.088297155294030745e+03 3.126771311112511739e+03 4.227994224006431978e+03 4.635984701854584273e+03
6.545446608071532864e+03 5.068304388284404013e+03 4.291847870585994315e+03 4.086919293548794940e+03 2.985226889097577896e+03 1.786525989462154484e+03 9.357432002801535873e+02 8.412653489241095031e+02 4.229183762862400613e+02 1.582489323068181477e+02 7.689768861279599577e+00 3.015165629195909602e+01 2.073072622499614965e+02 6.307921510504360185e+02 1.001555383475506346e+03 1.400043934264654808e+03 2.295391464439939227e+03 2.775301299668099546e+03 4.448714428249278171e+03 5.158202902629483106e+03
7.308764652076119091e+03 5.821668541478709813e+03 4.991854445016903810e+03 3.276795532106429619e+03 2.009687746734364055e+03 1.852937568236257675e+03 1.248496353776644582e+03 6.899064278629543878e+02 3.106466008043526017e+02 2.035492624018449987e+02 9.176361851420097082e+00 6.220402500805280255e+01 2.396666610226881460e+02 6.010709271484054170e+02 9.153380245858197668e+02 1.554437505025467544e+03 2.244253651859653473e+03 2.915834702856026070e+03 4.193426205148521149e+03 5.371970933909457017e+03
7.042130874948689780e+03 5.502357068559771506e+03 4.040883269404976090e+03 3.779379041636047987e+03 2.872388081789209082e+03 1.573535384604423371e+03 1.570986712379827168e+03 8.344281099183622246e+02 3.668182084349680849e+02 1.314648209781513231e+02 1.790128325106017115e+01 7.087272675191132976e+01 2.658645376901169470e+02 4.779923423790993979e+02 8.294392566262650917e+02 1.897466016408851374e+03 2.503181117213399375e+03 3.201153375847949064e+03 4.243227553456664282e+03 5.257534004035456746e+03
7.021986483713194502e+03 5.228145945167139871e+03 4.521867768626093493e+03 3.618454181222182797e+03 2.898234173742433995e+03 1.830485020977030217e+03 1.133780827670499320e+03 7.603869400988319285e+02 4.373953460600118888e+02 1.369200207123790278e+02 2.918333989470207612e+01 7.480255782087920124e+01 2.082009992437084804e+02 4.796629531262656201e+02 9.478448860664503854e+02 1.455827394996437533e+03 2.073773611481557055e+03 2.954881764047837351e+03 3.634437087202132261e+03 5.419802189089561580e+03
6.931623931064311364e+03 5.842649024239389291e+03 4.309914727579001919e+03 3.424665085897264817e+03 2.599775666714754607e+03 2.014388152324974726e+03 1.188675896237571123e+03 7.284753403958451372e+02 3.756972055921994524e+02 1.915009664962560976e+02 1.166847708095902014e+01 1.239858763385502840e+02 2.016068527025482524e+02 4.398859763801404483e+02 8.822864285734927989e+02 1.520146747203606537e+03 2.386831913289548083e+03 3.587142642641094426e+03 3.684080228034964421e+03 5.616133243534318353e+03
7.015163777788109655e+03 5.432216096679277143e+03 5.027168081559944767e+03 2.995071233378742818e+03 2.312984659388218915e+03 1.692513115322049089e+03 1.196312848214819951e+03 6.248910524821137642e+02 3.416351769218028949e+02 1.211245394558454649e+02 1.615338028212471855e+01 5.928620908386736232e+01 2.273657013773566860e+02 5.100764189987398254e+02 1.232000203468109021e+03 1.666298172006497225e+03 2.741893772760945012e+03 3.662003690161460327e+03 3.971198940683224919e+03 5.140318457269488135e+03
7.536860489630643315e+03 5.250537961648183227e+03 4.398970184585354218e+03 3.111998832880152804e+03 2.845244450297104777e+03 1.694001287654280759e+03 1.043490388796968091e+03 7.063553130210847257e+02 3.089118986631520443e+02 9.237572785671642350e+01 1.879114079196988030e+01 2.265535115145070222e+01 4.147044156310266771e+02 5.297361407158946349e+02 1.103398572603626462e+03 1.620617427379803303e+03 2.466978253455252798e+03 3.715336673210542813e+03 4.521389521835213600e+03 4.827103261557243059e+03
6.483546082575874607e+03 5.145601996255105405e+03 4.083747218200271163e+03 3.398453661245172498e+03 2.622266820620115141e+03 1.835540715536449170e+03 1.054294589098814413e+03 7.956703984731349237e+02 3.071122266430684817e+02 1.666355906641703299e+01 9.979169996311833657e+00 5.325277021424442836e+01 1.881068351859699135e+02 5.773894052092751963e+02 1.336687576637112898e+03 1.687891975743699732e+03 2.447220030902708459e+03 2.998985912161500437e+03 4.102705845618922467e+03 5.345268217102769995e+03
