1.879481434228941907e+02 1.588651851415714589e+02 9.022345588111673464e+01 1.053476139168891024e+02 3.426174127391003310e+01 2.947917259083080310e+01 3.785679457353015209e+01 6.838315328795808945e+00 8.814294312642463325e+00 2.001391169812064419e+01 1.271919754389586998e+01 1.478796354483963782e+01 6.880238831010231593e+01 6.035663732888234279e+01 7.544107158754070497e+01 1.528809607742798846e+02 2.366706717249154792e+02 3.360378881814585839e+02 3.848391448315993557e+02 4.462191693194997697e+02
2.136616659483300396e+02 2.339672733718590791e+02 1.157708647322166655e+02 1.507634902199926898e+02 3.778164753917735652e+01 4.333532410058391093e+01 5.941103625296027246e+01 4.152923818262117983e+00 9.707486356374754877e+00 7.973456759656709636e+00 3.226284969340898812e+01 2.266201860968738302e+01 4.578710633987316925e+01 1.309342746576269576e+02 1.561002904603170407e+02 1.560842054686466156e+02 2.335209638927758533e+02 3.768604810747801253e+02 3.321417132111595265e+02 5.554706501546534128e+02
1.717294441404912675e+02 1.079534219856699195e+02 1.438598551440473443e+02 9.741821843009638826e+01 3.307194261181535211e+01 1.871645283711690411e+01 9.681380828572564212e+00 4.221434753318803246e+00 2.797674607275293468e+01 1.312521405753727421e+01 7.530244439883240659e+01 4.042831375944649608e+01 9.474848379611795224e+01 8.812055794357121385e+01 2.060661221988196132e+02 2.463982179889319468e+02 3.602491933387700556e+02 2.592945039139532355e+02 5.579389114783637069e+02 4.949752494902585909e+02
2.165465134892179151e+02 8.377555598955126470e+01 1.553612802734073171e+02 2.828293256051638949e+01 8.859503964526804509e+01 3.282541656227038374e+01 8.159893619797990993e+00 9.035761222546998539e+00 1.474565267132723001e+01 8.100830670605686734e+00 3.590824999795179195e+01 4.283562570211294940e+01 1.501053925051537874e+02 1.029823005884105527e+02 1.761769081417517668e+02 2.526813909418232811e+02 2.159326299126682329e+02 3.454179162923413173e+02 3.462708673255049803e+02 5.300766000341124027e+02
2.041245451469418981e+02 1.264206816087107512e+02 4.958976822230671644e+01 2.084214795560604117e+01 4.338209439566244185e+01 5.669734526918622564e+00 7.442405469066144974e+00 1.843840138634658032e+01 8.899754783938453784e+01 2.928941143088010790e+01 4.853032958437258770e+01 7.159266901724630827e+01 1.291702060544674850e+02 1.269314722020647253e+02 9.486875114647797602e+01 4.593935863000174322e+02 3.972279215002725437e+02 3.307307321779970835e+02 5.875676016643484445e+02 4.838973127679943786e+02
1.405481474384439196e+02 9.525671046669107511e+01 1.394190945765386118e+02 4.469294636972234258e+01 7.298210138501012523e+00 1.637730089106458919e+01 2.104392034546924606e+01 5.787531787265802308e+00 2.669792689864866730e+01 5.061753925393772846e+01 3.532847322577158877e+01 1.001788712906947865e+02 8.103057694862128812e+01 1.979589834974181883e+02 2.091376297992248681e+02 2.495858362918647799e+02 3.481640320816812277e+02 5.168815007346011043e+02 6.194893350585862208e+02 6.427954627476345877e+02
9.189546608416009121e+01 5.660626012343011126e+01 2.953684349424959521e+01 5.040532589311816025e+01 7.176010351371900242e+00 7.084574765250425621e+00 2.716932585255176136e+01 1.623245919836657691e+01 5.033972065282576835e+01 3.433466470206708010e+01 9.772927751927058182e+01 8.905568209920251377e+01 7.126048313742427354e+01 1.936769684801582798e+02 3.245395624869325388e+02 2.533484167472656736e+02 4.365569148749692090e+02 4.306829197254008363e+02 5.366580726236906003e+02 5.987216574414435399e+02
7.570325796079802672e+01 7.032715893561795895e+01 6.551639865945139718e+01 5.299362147592684380e+01 3.262598760250963892e+01 4.002967844397018027e+00 1.810525550387765747e+01 1.056229513551310717e+01 3.945159082260722982e+01 5.950936485727031311e+01 1.830857983626458463e+01 5.623234409942966039e+01 2.697073203362448339e+02 1.854896970427456324e+02 2.759444356900860384e+02 1.905825701690177141e+02 4.415346098027079051e+02 4.996201216956703774e+02 6.411856640591230416e+02 5.630296455025224986e+02
1.481552219413265448e+02 1.053902980534793841e+02 4.947313998990014738e+01 3.005451187992568052e+01 2.891120068047567671e+01 6.909683852410098304e+00 9.171121392533949646e+00 6.270001593521740801e+00 9.052364605327531066e+00 2.986735929898940967e+01 1.181326275642163210e+02 8.849632859527183371e+01 1.377713810608697145e+02 2.545631977289703798e+02 1.526451714204739574e+02 2.534710551125274662e+02 5.718385218923690445e+02 6.247102895946831040e+02 7.963331369465328180e+02 5.960718323927451365e+02
1.139651503011996141e+02 6.379907375043989504e+01 2.213439148947582424e+01 1.094806984674941930e+01 1.299729704620798643e+01 9.907218670461217513e+00 1.852351272914754077e+01 8.629564773443243908e+00 2.796554239151811316e+01 4.572301696570478668e+01 9.524884139551458873e+01 9.266918518109311265e+01 2.294619081252133128e+02 2.160743419474388247e+02 3.855085230510317160e+02 3.725160778061385827e+02 5.176455947081149134e+02 4.014091758449312124e+02 5.626798850409909392e+02 7.107307697150434933e+02
9.012480408222002382e+01 7.459253527608792922e+01 5.417787510424507502e+01 2.081810606804091535e+01 8.952533535438000456e+00 1.201526059016238079e+01 9.289016895168419552e+00 1.528764079297448042e+01 2.896765470705667411e+01 3.664365447723329794e+01 1.638020631863231529e+02 1.663056283855629545e+02 1.301784286406092690e+02 2.336988551156204039e+02 4.367917543469973225e+02 3.802027591604336862e+02 3.829924132087187445e+02 5.582230061976281377e+02 5.766912530028928359e+02 1.068279473217306531e+03
1.186778944289484059e+02 5.146771093841083200e+01 4.442456038301665444e+01 2.067579355898103799e+01 7.780582549946631232e+00 8.622593799010800808e+00 5.319558665068081638e+01 5.642980676176495791e+01 7.586871187782445958e+00 5.822716277667593943e+01 7.392585778196345814e+01 6.066588409077662902e+01 1.891565621040143128e+02 2.781008827775662553e+02 4.440643401402317068e+02 2.790508527217570531e+02 4.591721019975391869e+02 7.177648138779669580e+02 6.029323881130793552e+02 6.704396762009621398e+02
4.244568542162488001e+01 1.399839499130579767e+01 2.886324983492590945e+01 2.191313194760588345e+01 1.282013997116849247e+01 5.287372968219175462e+00 3.400951196610446203e+01 2.880201113277120584e+01 6.405130331873279204e+01 9.208448231330838496e+01 9.851904576828853521e+01 2.204578685764358568e+02 1.489951878217550814e+02 2.887652216849736533e+02 3.004969871572782267e+02 5.540391845537124027e+02 5.528683309624188951e+02 4.631161502378056412e+02 6.550254722495662918e+02 5.958754261885824235e+02
1.518225478359896954e+02 5.878432466277980950e+01 1.358322494703019423e+01 1.228436861985603734e+01 1.414891939908189933e+01 8.577344062951395287e+00 3.037048943311994975e+01 5.387241397481656691e+01 3.540947144546004921e+01 5.063608640668549299e+01 1.147037310637769423e+02 1.262329601495587497e+02 2.052921895477044529e+02 3.739846148375576718e+02 3.577118723556910140e+02 5.119824305650483325e+02 3.356063244326996937e+02 4.652489565022231091e+02 7.598104300263447612e+02 6.119280712111793719e+02
6.001944460125888980e+01 4.718050131551542847e+01 3.768185235654547682e+01 8.706183036328955183e+00 7.873078274340348237e+00 1.455183231969460955e+01 1.961204662943906385e+01 3.332820037479439179e+01 2.951113319059791351e+01 1.069150248412912561e+02 1.667813990579601580e+02 1.145710819675010157e+02 2.492910019447013212e+02 3.577372838974453089e+02 3.387594696746301111e+02 3.899416735486723837e+02 4.515439860685418125e+02 7.161107917144357771e+02 6.414940248788839199e+02 9.053062182793454440e+02
8.812167326436757264e+01 1.519360364685480569e+01 1.357348808020978126e+01 1.281582578687050678e+01 8.912231915246605851e+00 2.039619134492693675e+01 3.781159920638503280e+01 3.360070311571224266e+01 1.003494423623416196e+02 1.563315822583450370e+02 1.772726798128006465e+02 2.129560935865485476e+02 2.257237608998488838e+02 3.379972966170259951e+02 2.332535709904622081e+02 3.496832999787806671e+02 4.820434438982867960e+02 4.301860879405758737e+02 7.913574605730540270e+02 6.850986718640104982e+02
2.046581517389090266e+01 1.963400725574204131e+01 2.111042572075155022e+01 9.401866054769513426e+00 9.638418941523337224e+00 2.868850624905878632e+01 1.609677524715255714e+01 7.365525907260204974e+01 8.439035562397089052e+01 6.242749979748530365e+01 1.870109640342671753e+02 2.103536043402309019e+02 3.247358286830354359e+02 4.068758612386754407e+02 4.269600711700031752e+02 7.319834314360585950e+02 4.333715814033600964e+02 6.121117328150735375e+02 5.055520020064511755e+02 7.527554906979517000e+02
3.588309521967654803e+01 4.376009073232233249e+01 2.219744332229223716e+01 2.108939415058583933e+01 9.560542138541446633e+00 3.583859618968190119e+01 1.629975023690527891e+01 4.614131589790275711e+01 5.795849462112160211e+01 9.139659926910078980e+01 1.016007570749029156e+02 2.768089670981123618e+02 2.162820112884214723e+02 3.619474921451562750e+02 4.331381172505937798e+02 3.568239781191223301e+02 6.436857350657561483e+02 7.493251531815371891e+02 6.848825195168514028e+02 7.684071778292906174e+02
9.198847365943622378e+01 4.181855938865832201e+01 2.603679020376466013e+01 1.165405524112977886e+01 9.842035473913394839e+00 9.186141491755300592e+00 3.628542475756324848e+01 4.314093864522080679e+01 1.058939938104200849e+02 9.153647744973493161e+01 1.639259378345533378e+02 3.434875175130388811e+02 2.015669488424791496e+02 3.237147907342597932e+02 3.203910553712656792e+02 4.140403719229807393e+02 4.622555793155815991e+02 7.967818675122797458e+02 8.368731390946265947e+02 7.736486896088795220e+02
5.150898943214123449e+01 2.172870340086375407e+01 2.751865025896210426e+01 1.237644848632341876e+01 1.038673622303809374e+01 2.968496415819102907e+01 1.245256873431470126e+02 5.094782242762070013e+01 9.119886581426392524e+01 1.690513777492295162e+02 1.816594139349838315e+02 1.423589079890264486e+02 2.558491106065484928e+02 4.009284374286556840e+02 4.423008811251946213e+02 4.955222139926955833e+02 6.740559901442969704e+02 7.239290437490296881e+02 7.784892427164418223e+02 9.085557424363929613e+02
