7.263629665930228612e+02 5.511322998346129225e+02 6.151981650552238534e+02 4.797995389688197747e+02 3.954046205981560433e+02 5.762932152935834438e+02 5.714775602663164591e+02 4.253130779079534705e+02 4.608627389749191252e+02 3.576294408345041802e+02 4.340217488519232916e+02 3.920712054663176787e+02 5.097854474125749107e+02 3.638373410176617995e+02 2.405893575250162542e+02 3.222000025181237106e+02 3.358548509627436829e+02 4.232401116554418081e+02 3.462963284455512394e+02 3.447860879606200228e+02
6.198375548892701090e+02 5.379578436046712113e+02 5.322341887115883310e+02 4.531745778280798049e+02 2.889562636805416105e+02 4.690377996908784439e+02 2.871844084957003247e+02 3.989582485339441860e+02 3.822483436509394323e+02 3.504539149402397129e+02 3.249545525632880185e+02 3.990720602213316397e+02 3.105878950962865019e+02 4.326253162925766560e+02 3.050305444730136628e+02 3.747481598963455554e+02 2.264864737795350038e+02 2.351792471214548073e+02 3.791353695082661375e+02 2.578463091415849817e+02
4.949518003891448075e+02 3.730642690805083248e+02 3.605181153684445121e+02 5.049443451570365369e+02 3.473282934782085931e+02 3.793647750372153951e+02 3.155267865094806439e+02 3.929484541468294196e+02 2.512624735161350316e+02 3.397394538959015335e+02 2.566923081989767184e+02 3.295159893607570325e+02 2.476377856427297672e+02 2.538249303533388002e+02 2.180423411180941287e+02 7.304426273247950974e+01 1.138610639309593893e+02 1.600555769033766467e+02 1.361782755041306814e+02 2.461148458019848704e+02
3.792228487857549908e+02 3.280879624942679129e+02 4.059269854732540921e+02 4.274897609713174802e+02 4.700088704664429997e+02 2.900801938964532951e+02 2.726368104737301223e+02 2.441558303775097443e+02 1.423699494401721495e+02 3.780007148648712132e+02 2.490019157019988540e+02 2.195363992025523316e+02 1.563292571889116402e+02 1.969091627716684627e+02 1.764715891249677782e+02 1.267167450175906964e+02 1.632679265453257358e+02 1.319503025403722631e+02 1.042228094615377927e+02 1.466152144310952110e+02
3.310834448057296981e+02 3.517566250146214202e+02 2.803771323119221961e+02 3.277163772817079916e+02 3.021258373390922998e+02 2.261587376431561722e+02 1.591432050982534179e+02 2.254619262142359446e+02 2.577085594344518995e+02 2.447187945414716523e+02 1.448999545726235567e+02 1.350707830796766586e+02 1.510372755879374154e+02 2.163582674906891157e+02 1.007172781563005799e+02 1.420200886463062773e+02 6.967142258748584993e+01 9.586994291494868037e+01 8.128461291345102779e+01 5.080994709218589378e+01
3.417949325423417690e+02 2.659252652733021591e+02 2.032402663060882730e+02 2.107530119076070036e+02 1.835260690849476646e+02 2.087993773430760598e+02 1.973314174684476825e+02 9.963780576081451557e+01 9.679815484470780973e+01 1.534739922597444775e+02 1.134755673217994598e+02 1.570231078322551639e+02 5.328363508913646029e+01 1.426622262359489071e+02 8.525970525276255785e+01 6.071555404769950570e+01 2.160651926738851714e+01 1.154171378767202327e+02 6.202778516638006323e+01 2.788523993906174425e+01
2.054299147086669279e+02 1.526784972971867944e+02 2.520763033594178353e+02 1.148251584326929731e+02 1.378329611829056489e+02 4.617979907961562702e+01 1.493355428878803650e+02 1.571067841964702438e+02 8.547950577918979320e+01 6.132323995350212442e+01 7.201149764382918761e+01 1.425600418485217347e+02 8.930408251997883440e+01 7.986101506123566196e+01 3.986744495479431549e+01 1.429001783202853204e+01 1.278496906095212182e+01 5.398945017550346392e+01 7.486418936547758562e+01 5.733595429531769838e+01
1.646966430113535296e+02 1.078701316169589433e+02 1.924829916889923709e+02 1.140304420945413142e+02 1.126871385663270075e+02 6.236705979676899858e+01 8.122149588025365574e+01 7.057674375589405713e+01 9.429564137800697665e+01 4.425630777311360475e+01 3.820991713199735074e+01 1.744195063613937435e+01 6.189618186522007903e+01 4.076815400543492984e+01 2.113935534032985686e+01 2.427149702376976137e+01 2.296441360170289059e+01 1.765995123622303709e+01 2.373085336142264978e+01 1.042581280173701685e+01
1.259663577439606854e+02 6.896517091077056705e+01 1.434135806160912239e+02 6.616066984217523839e+01 1.171450526111536732e+02 5.849282445680496068e+01 7.614132412735159505e+01 3.850668658058783222e+01 1.345117062707811328e+01 3.903695996749185326e+01 4.395729597932666621e+01 5.275193091375362542e+01 4.115983973845860788e+01 1.386507745981754702e+01 7.136240140826133782e+00 1.934763114331503076e+01 8.583261028987207553e+00 1.822316480102113445e+01 3.403216615391240651e+01 1.611659709480539959e+01
9.473541628490684730e+01 3.782512419478760535e+01 6.446588344645216750e+01 6.385966416986535421e+01 1.956080088169873221e+01 4.204163040085813208e+01 2.558542545765228127e+01 1.903715660305523016e+01 3.582215713801358703e+01 1.096356499380141614e+01 1.554819395861748887e+01 6.806110472936652833e+00 2.526146915752332234e+01 2.022838135009300942e+01 9.791566673311683289e+00 7.909530339432754076e+00 1.749293206194367656e+01 8.474877223780554303e+00 9.825082147136127375e+00 7.679343848536868578e+00
9.805278327525296334e+01 8.974567707311258857e+01 3.517123351407348508e+01 3.843398086889772003e+01 1.591272157469133752e+01 6.229247455839399983e+00 1.149932413322487967e+01 2.439404962390989340e+01 1.263770462705365105e+01 7.575445132718176211e+00 6.547714695808446450e+00 1.003204472545946402e+01 1.444430700945107660e+01 1.017271700085807673e+01 1.601806554306382679e+01 5.148262026129652469e+01 1.225154266818201343e+01 9.601306768200455366e+00 2.800270836936311625e+01 8.996965956351285598e+00
1.002526334553644460e+02 8.578071748033034183e+00 3.654182103175430463e+00 1.541316935290311285e+01 2.708543832978664412e+01 6.063151240674853781e+00 5.762509825580305112e+00 7.229560299263583012e+00 2.620442352431904354e+01 1.153178246329916590e+01 1.938099766796428014e+01 4.269558659526697220e+00 2.555069402515059807e+01 3.222688660010434347e+01 3.575458299730259171e+01 1.494273983291056318e+01 1.030924240462610086e+01 1.951487105033588776e+01 1.972775961317186599e+01 9.109412853284434064e+00
3.613288494471829893e+01 3.379252833037945436e+01 1.131034522459390956e+01 1.008380970546700439e+01 7.848256967468135059e+00 1.396458697054862697e+01 7.391667059366071157e+00 6.746126240301114407e+00 2.113482832923270394e+01 3.656225671451974080e+01 1.038079378605911529e+01 4.237300445563616513e+00 1.875953863470292049e+01 2.478733456103663002e+01 2.784172777227695050e+01 5.884728741829857057e+01 1.591901720698358957e+01 8.826408221118779096e+00 3.242315376946831407e+01 4.102103543590673951e+01
9.223104332306307995e+00 1.227880236310724626e+01 4.142184541981413837e+00 5.568905473496307046e+00 2.878184356231091101e+01 8.171432436266137245e+00 1.294156706225766840e+01 7.457798356143166885e+00 1.982440269670572519e+01 1.071669262507948517e+01 5.341372265760154647e+01 5.474619184182368770e+01 1.727550780591052515e+01 2.808989471541072191e+01 3.109488756994645797e+01 4.816780244942008693e+01 4.283376754411423804e+01 3.252440618171229403e+01 5.903344720177036464e+01 4.678197322682547821e+01
1.004358592868478262e+01 5.731823474416033903e+00 4.150968040606378473e+00 6.752631868685395666e+00 1.096565482497118360e+01 7.008675457909561146e+00 1.186571401619979227e+01 4.007624981086465965e+01 1.567604465164462013e+01 4.049572918432055957e+01 2.644997224267776659e+01 4.565058665130825233e+01 3.576082265439130481e+01 7.329104333937756621e+01 6.798340584695115751e+01 3.530466689480729769e+01 5.069114008032616425e+01 9.542916443729444609e+01 4.713435631756611599e+01 6.788922988825154903e+01
6.372049227463902454e+00 1.353802391696778962e+01 1.422768701020348914e+01 2.124086434907876964e+01 2.608245275675426100e+01 5.519663743505046227e+01 4.754721739624532262e+01 5.162935858866328687e+01 3.915787153012875876e+01 3.086475238649065389e+01 6.671297800943767697e+01 6.341519708645219566e+01 1.305993675714111077e+02 1.077863835927788614e+02 8.035843703572982122e+01 3.328922859811859780e+01 1.388651603682081372e+02 1.269488536501393554e+02 9.664559965801171870e+01 1.558180986556400285e+02
1.839186144666092915e+01 1.153669208254723166e+01 2.631676320896501409e+01 9.820792157178059867e+00 3.795697141544946618e+01 8.409064194309715390e+01 4.131257334897824052e+01 5.099536544688981365e+01 1.261135663847669832e+02 1.081034435487847958e+02 1.159656197545063634e+02 1.085101737573373128e+02 1.187462691920768521e+02 1.039444842905750761e+02 1.085087534563044329e+02 6.522032608784238050e+01 1.328418517939229559e+02 2.258812641759130031e+02 2.700538714162898941e+02 1.194254952985381948e+02
2.976727986369923684e+01 3.237284495916198779e+01 4.249698534389415983e+01 1.075426358308568950e+02 3.884970956214113613e+01 7.143284534535617070e+01 3.484944507806104497e+01 3.555559319551166908e+01 9.484406485858630731e+01 6.401656326515902151e+01 1.384001562932627962e+02 2.280278110400928995e+02 1.622177705564783139e+02 2.705235358352697972e+02 1.432837917565424561e+02 1.837640055003641635e+02 1.135834934118492612e+02 3.048184541921236246e+02 1.157342862520538063e+02 1.277221280503010377e+02
1.596833729575612892e+01 6.428938727512901607e+01 8.014299526100047899e+01 4.391292858179262737e+01 9.676619503567629010e+01 1.086670269267047360e+02 1.343054116124679069e+02 1.353145699312692329e+02 2.055782083541662075e+02 9.944925023051561652e+01 2.173695737522962190e+02 1.649555878720207147e+02 1.124618276160194625e+02 3.160976822227903540e+02 1.179188070811317459e+02 3.250181585695312378e+02 2.220549357729117617e+02 2.215367799510094358e+02 1.806019079250099821e+02 1.645818584484433416e+02
8.907202067083305508e+01 4.091194137267482489e+01 1.058479343317053036e+02 1.044126761550821385e+02 1.273987731718772523e+02 8.414079994685063468e+01 1.250429134293877809e+02 1.060906975462687427e+02 1.545644776673670719e+02 1.751179136667209946e+02 1.583593925720527693e+02 2.578737424135794640e+02 3.211684145030992568e+02 2.195951805409438009e+02 2.345438547302036909e+02 2.500515627754359400e+02 4.364972839515829151e+02 2.130309805298072661e+02 3.510276071926791701e+02 2.772938960726693267e+02
