1.421537934021757064e+04 1.245644747022032061e+04 1.050968571525619336e+04 9.380082095217785536e+03 7.652158067808320084e+03 5.658135744068369604e+03 4.650308565198104588e+03 3.846788528969812887e+03 2.789465265986298618e+03 1.694059547003230591e+03 1.331931261193001774e+03 5.794406679905342799e+02 3.087054752844737209e+02 8.290540498947588333e+01 1.155135687070495543e+01 1.667757140030187770e+02 4.817497733473583708e+02 1.086365557598642226e+03 1.206020595869489625e+03 2.193572519816390923e+03
1.377059636885335021e+04 1.136371847022263864e+04 1.025322800738579099e+04 8.749415450402364513e+03 7.501601593801160561e+03 5.378397244459907597e+03 4.226933609260070625e+03 3.578477296282351745e+03 2.701710229337549208e+03 1.418668388824963131e+03 1.156160330933433443e+03 5.399635225539277599e+02 2.503887869555767054e+02 2.505032072377556673e+01 9.880172231867409494e+01 1.944203658552677325e+02 5.580489754553848343e+02 1.092760624088623445e+03 1.407816867387824459e+03 2.444686733695240036e+03
1.390091796025431358e+04 1.136371318544962378e+04 9.993965892173549946e+03 8.300007955533585118e+03 6.828929516826267900e+03 5.538766467927373014e+03 4.340986668034891409e+03 2.929629755440448207e+03 2.280710574349596754e+03 1.389310085118408551e+03 6.928438539618175582e+02 4.555529191384965202e+02 1.119148495976762945e+02 1.331949749000444605e+01 2.174303411755896320e+01 2.851644757205496603e+02 5.076811331264917726e+02 1.238131989242317331e+03 1.756803132862653456e+03 2.649634676202485934e+03
1.285660167420895959e+04 1.103158034677174328e+04 9.277217052849477113e+03 7.534920100534053745e+03 5.880577321741477135e+03 5.365250317290196108e+03 4.297180596749944925e+03 2.566583281732505839e+03 1.960837284344103182e+03 1.231010517569844296e+03 8.022071121563674296e+02 3.063670140175497636e+02 1.183854058065502528e+02 6.502227732191504295e+00 6.531316817764106020e+01 2.577020997469437020e+02 7.342599662977087291e+02 1.155294949732775194e+03 1.930890778214060219e+03 2.933003982764465945e+03
1.237692271050944146e+04 1.034712655064833416e+04 8.478354711118367049e+03 7.357787818755351509e+03 5.961199513528249554e+03 4.830610982110701116e+03 3.634270104490645735e+03 2.735562581366173617e+03 1.892476485873945421e+03 1.210636147916185564e+03 7.700874566481165857e+02 2.692023784525957240e+02 2.055078193037180867e+01 9.182448993536317161e+00 6.723848691591315685e+01 3.401553317858353012e+02 9.327122353892816591e+02 1.409376265875445370e+03 1.831733870856950944e+03 3.099038682728707954e+03
1.178931709254876660e+04 1.044256650528421596e+04 8.023331764249379376e+03 6.425231145326798469e+03 5.677723049302632717e+03 4.551247032038713769e+03 3.545128376785268301e+03 2.426675994363708924e+03 1.537054795277616449e+03 1.140166547142864374e+03 6.386570049867799526e+02 1.694647776373264492e+02 3.146126554098611550e+01 2.498974721321580716e+01 1.503684134389838221e+02 4.058259103934824452e+02 7.681394193556005803e+02 1.721440075967941539e+03 2.203910698071040315e+03 3.295189399543998206e+03
1.174352447863855741e+04 9.690417413203662363e+03 8.312644249712850069e+03 6.566662416677115289e+03 5.087095941356310504e+03 4.221596877208539809e+03 3.009463417232143911e+03 2.591411349141360006e+03 1.731540872267193663e+03 9.120581156317565501e+02 4.702332262707221275e+02 8.229374233332174526e+01 2.731593706596819970e+01 1.317671079552382807e+01 1.791052913160974356e+02 4.677544086193333328e+02 9.231699437393646122e+02 1.820522510417473768e+03 2.639029071557108182e+03 3.132573746375309838e+03
1.059654596216175196e+04 8.502526422418464790e+03 7.312959479717274007e+03 6.019541236976746404e+03 5.043421957688965449e+03 3.601832832408421837e+03 2.786907195774677803e+03 2.051288120604960113e+03 1.278996393217199284e+03 8.216202059269692199e+02 4.342437851153613337e+02 8.300566417697942256e+01 2.320254353793130520e+01 1.338878571495039083e+01 1.823284674405143448e+02 6.487788463007444761e+02 1.017078540319757394e+03 1.869036915011612109e+03 2.616842042459649292e+03 3.571799459634690720e+03
1.034493738974443295e+04 8.794226720534335982e+03 7.643815289710071738e+03 5.934162734400315458e+03 4.830333430461491844e+03 3.415079468031914985e+03 2.682154824436943727e+03 2.154904385150603048e+03 1.212452135711734400e+03 5.540359753090156119e+02 3.555081085520413353e+02 2.521228501403618694e+01 4.354439815163352101e+00 1.204875726256253472e+02 2.345687702315933052e+02 5.721376677837716898e+02 1.217016107875646867e+03 1.808820612566760246e+03 2.958889127776246823e+03 3.844252377355690896e+03
9.719066722672974720e+03 8.625796661548150951e+03 6.423880732149919822e+03 5.923515058532975672e+03 4.437983774024237391e+03 3.510518078850140682e+03 2.458537106876553025e+03 1.615479477690723115e+03 1.164286459210593875e+03 5.771349773296583408e+02 3.265230501884769865e+02 2.362065664864953263e+01 1.676223293052548513e+01 5.743687927117776582e+01 3.869001176620606657e+02 7.341864387870995188e+02 1.259993693081980609e+03 2.278563599889160287e+03 2.814062637499218454e+03 3.595183361015926494e+03
9.048539468739396398e+03 7.989354855521549325e+03 6.556987012104671521e+03 5.009701586184918597e+03 3.762697076042557910e+03 2.909649174100743494e+03 2.202480470270497335e+03 1.444256464691722613e+03 8.389314291176156075e+02 5.079165609797346406e+02 1.934844996021939494e+02 6.854954025952135055e+01 2.092161833980045671e+01 1.834657397615852688e+02 3.982766714683179430e+02 8.068508240889162835e+02 1.473764426945846935e+03 1.951371427125968466e+03 3.259963557939102429e+03 4.092056783750438626e+03
8.268361818327073706e+03 7.487616539545644628e+03 6.271661149860929072e+03 4.920693512282388838e+03 3.880604582143593689e+03 2.910573957722020168e+03 2.094349394217812005e+03 1.588434056619241119e+03 9.346544508249693308e+02 4.349205219614349289e+02 1.338616879630464496e+02 2.272688906906916628e+01 1.167706776930691426e+01 2.507671604034726158e+02 5.001428681376217469e+02 1.021759376733132513e+03 1.519368669769497501e+03 2.617130712786673485e+03 3.442021867021096114e+03 4.057523116240192394e+03
9.167883261886461696e+03 6.854355204268626949e+03 5.715464575084484750e+03 4.550577340766557427e+03 3.717448569210743699e+03 3.019978340121225756e+03 1.748359524316113038e+03 1.218284541725012559e+03 7.257142826378964173e+02 3.294093098992375985e+02 8.645602553205792162e+01 7.159158010515333181e+00 3.654391818190411811e+01 2.158976665841569798e+02 5.903771244077834126e+02 1.132212149885443296e+03 1.774566519147920189e+03 2.664777685176951763e+03 3.180220469866024359e+03 4.486659819291179701e+03
8.646055801109743697e+03 6.414183829146745666e+03 5.879975499972900252e+03 4.207118144206184297e+03 3.266998655160227827e+03 2.274071108468759576e+03 1.779075448644900916e+03 1.117799773221995565e+03 8.648322168189516788e+02 1.991532459786922971e+02 4.404564081042159529e+01 5.660350891549434493e+00 4.558286709634993628e+01 2.454219689669191666e+02 5.799878649957082644e+02 1.210852755891572542e+03 1.848519852803674212e+03 2.614080541294088107e+03 3.375065512603537172e+03 4.661231541276655662e+03
8.184252402491204521e+03 6.562795019669009889e+03 5.260443131499361698e+03 4.392864376582540899e+03 3.135993434962662832e+03 2.434038945063723077e+03 1.533299500266921086e+03 1.204063341381104465e+03 4.205575628089638371e+02 2.115989262596953893e+02 8.915821093838953004e+01 6.421982704372098283e+00 1.324579810613244604e+02 3.451615611582694214e+02 7.995973848535231809e+02 1.313000009868236020e+03 1.818497055123488053e+03 2.583704556927492831e+03 3.160307447321552900e+03 4.565008521287949407e+03
7.746840912724476766e+03 6.148783252133051974e+03 4.792994551755196881e+03 3.983935476414113509e+03 2.770375273278635632e+03 2.101359920507149127e+03 1.348021073531525417e+03 7.840821545531598531e+02 4.119116476571448970e+02 1.416745182600829764e+02 2.775497782994360563e+01 3.729357601149246193e+01 1.613744810990259850e+02 3.842252675827019743e+02 7.337669781692658262e+02 1.584911448836327963e+03 2.279697315042243190e+03 2.785527436123189091e+03 3.847235414493664393e+03 4.909565155900667378e+03
7.087344790668564201e+03 5.030548456927988809e+03 5.084695665287873453e+03 3.326481059844395986e+03 2.914053221940821913e+03 2.220622560663348850e+03 1.263320608703096013e+03 6.951818621151849129e+02 4.696114552900695003e+02 1.977210470208402739e+02 2.843591776038281793e+01 5.380473485367600261e+01 1.712348746776017947e+02 4.635397148644218532e+02 1.015343237020373635e+03 1.628324040515553634e+03 2.108767583132008895e+03 2.667074185660462263e+03 4.298087191912441085e+03 5.111670687170493693e+03
5.867604650195572503e+03 5.628932789686277829e+03 4.643222709844376368e+03 3.442825690535428294e+03 2.666197196657310087e+03 1.908640276849663223e+03 1.130442804733128014e+03 6.912590381094905752e+02 3.609885864456538229e+02 7.024808160330979945e+01 1.079381989650419271e+01 5.549514977934050108e+01 1.638550931660944059e+02 5.738341152525457574e+02 7.297950060047326133e+02 1.613938728483961086e+03 2.438534287695109469e+03 3.300698553883001750e+03 4.278073128039852236e+03 5.211552308334556983e+03
6.440833205342712063e+03 5.476871353499359429e+03 4.181130532293123906e+03 2.866767803025767080e+03 2.372895851455393313e+03 1.885506389692313633e+03 1.003948282753592594e+03 5.726125877380130760e+02 2.713311557981725173e+02 1.278618387963884260e+02 1.615616663091482152e+01 1.142291647247940176e+02 1.474867493348689891e+02 8.579439772783921399e+02 1.095465878179418041e+03 1.751750074510429613e+03 2.533296212473788273e+03 3.751788372512608476e+03 4.679011643976237792e+03 5.536484445568951742e+03
5.645872085311992123e+03 4.624847888875406170e+03 3.766707370564516168e+03 3.346803566720755953e+03 2.152059829150116002e+03 1.792207146043132070e+03 1.103065452527933530e+03 4.822260706197830018e+02 2.412747711199245941e+02 3.992584105162026731e+01 1.114715509174195951e+01 1.105032089917062876e+02 3.974140721621729426e+02 7.342772987332330104e+02 1.013922989972507139e+03 2.101409929970335270e+03 2.729807913185509278e+03 3.951666189263314209e+03 4.363567037281857665e+03 5.529143024727863121e+03
