1.126977358733555775e+03 9.321354861573162225e+02 1.030888900503357036e+03 1.120559135211160765e+03 7.583515563271373594e+02 1.040874096197749850e+03 5.289588824023696816e+02 6.740672177430043348e+02 5.640899645527063058e+02 4.948299295059729843e+02 3.643825221239834491e+02 3.471623492279610446e+02 3.174507663235967811e+02 1.552792851756798598e+02 2.203337329303229524e+02 9.335756796161012971e+01 1.402021598869255001e+02 7.387144561362968886e+01 5.341075100975507439e+01 3.297536372739789101e+01
1.150433855677859583e+03 1.157646904705945644e+03 8.716987282207645649e+02 8.800880303006836129e+02 8.352676593537157714e+02 7.558048142916262577e+02 5.977874737154498916e+02 5.419513540790924253e+02 3.536248359411048909e+02 3.088163757852983053e+02 2.760644874828497564e+02 3.098578906555954973e+02 1.902364269627185536e+02 1.342511954314189211e+02 1.141793977970499583e+02 1.523301655342209813e+02 5.619967088712461134e+01 1.216200692527446705e+02 4.031875781070584708e+01 2.154632071759859357e+01
9.726036165863520182e+02 7.382009878898587658e+02 1.018580807536218572e+03 7.628581137320892367e+02 6.675777688834556329e+02 5.566334728100868006e+02 4.146501156802895025e+02 5.146200295470285937e+02 2.958097276712670691e+02 3.473961546355485552e+02 2.364404069102882602e+02 2.074622940669114257e+02 1.400277191545087589e+02 1.087545151121025100e+02 1.141123685776050820e+02 1.004741542783125396e+02 2.286821156359454577e+01 7.063972294467560253e+00 8.150197736685315775e+00 8.182703728741628879e+00
1.096088933160005126e+03 8.727222847257713738e+02 6.521146668690173556e+02 6.382403688665648360e+02 6.051795631645712774e+02 4.978416963229034309e+02 3.655028585251402546e+02 2.627576037995081606e+02 2.933051991639467815e+02 1.184439834628446562e+02 2.040620879571254420e+02 9.380521706206178578e+01 7.581160559606117033e+01 6.898571710593263617e+01 3.262924304714416479e+01 6.509147531480488169e+01 1.177196348633660961e+01 2.391969226406171245e+01 7.215650320771501924e+00 1.558773485415296811e+01
7.957855230776216331e+02 5.333234357414044098e+02 4.677047289450206335e+02 5.286858153412572392e+02 4.921000466938151590e+02 3.841232738727012475e+02 3.691961097776601264e+02 2.465296209188535954e+02 1.910871447247679100e+02 1.641778166491696140e+02 1.130711267689394646e+02 1.475830695905818857e+02 4.309774432038733494e+01 3.159268382224944816e+01 1.071912889142264547e+01 8.524249321486479403e+00 7.865077037518909187e+00 4.754171546164918993e+00 1.496991504496882897e+01 4.117592470656060755e+01
6.549329423914382460e+02 6.448407326237879715e+02 5.574600197742423688e+02 6.904776430224371779e+02 6.197290264355410727e+02 3.795757433821194695e+02 2.942501282635628286e+02 1.583066680178203569e+02 1.192586580061695969e+02 1.099281773843194969e+02 1.106399108298779197e+02 1.474566820518009536e+02 5.409257131113263739e+01 1.023107004011184529e+01 8.926593428342881609e+00 5.155131764215408197e+00 1.208672689126851196e+01 3.618605516140630129e+01 3.457780942807873004e+01 2.346113036157969844e+01
5.783337911991840201e+02 5.539931987325722957e+02 5.662495392185181800e+02 3.817601831024173862e+02 2.736310836936571604e+02 3.662349165655010665e+02 1.538232362838302549e+02 1.764146349457960241e+02 1.743635005822487187e+02 2.274262061447413146e+02 9.639972894896087041e+01 7.186241226461126175e+00 2.998576119370655491e+01 7.182347993841669442e+00 1.982925658678628267e+01 8.309362770519218344e+00 1.217199916522497283e+01 1.840821853447352296e+01 8.999122983185303326e+01 8.429938289358435100e+01
6.760112822992601878e+02 2.612388611041903346e+02 5.086315036134525371e+02 3.612313956568977460e+02 2.887368142599206067e+02 2.588824751490334393e+02 1.075189997197597194e+02 1.361125485815337015e+02 1.011100527344339071e+02 6.315796536110074300e+01 1.549236806212200435e+01 3.781190251828052684e+00 4.988475980455707059e+00 5.523427382696863397e+00 7.217876277947956609e+00 1.707892740762831707e+01 2.356027686950914557e+01 3.702153199158828301e+01 8.436753314051837549e+01 6.247562062371256530e+01
5.174156142088668275e+02 4.160774416404296403e+02 2.722566980996616053e+02 3.480183603645274957e+02 2.508781146254390251e+02 1.628948951052099403e+02 7.798886415199679334e+01 1.186619346982128462e+02 2.882916334674511916e+01 2.517858089888186157e+01 3.960016247485249608e+01 1.296930834281591594e+01 3.532909740397446097e+00 1.416184840831335023e+01 1.340694196645833181e+01 2.674004894197287641e+01 7.302302773761117294e+01 5.642512827093692351e+01 1.485411247388347533e+02 9.591774556561151144e+01
4.241469420199426281e+02 4.640006459263486249e+02 2.754929872688293244e+02 2.283819599182023126e+02 2.190093248690586734e+02 9.098297032658621220e+01 1.500492877816293458e+02 1.815928663424709200e+01 1.783006902118406956e+01 1.840258566154711417e+01 1.301937250925443124e+01 4.737213809272700971e+00 2.122052372806940213e+01 1.903650150521710316e+01 2.125361681373819422e+01 7.712534414229840252e+01 1.246768054282070182e+02 1.007041330928119010e+02 1.235443073644022007e+02 2.159968105836835264e+02
4.257933045248986446e+02 2.966825026465087376e+02 1.837416653535827891e+02 1.534764116160469598e+02 1.301628336718009393e+02 7.345519020149468759e+01 7.678262629549604412e+01 2.784493828105516755e+01 1.951833772624080865e+01 1.686919626882523460e+01 6.118474061601898661e+00 1.135818553943881781e+01 6.125716583408667759e+00 3.409029976080918090e+01 8.293471457687353166e+01 8.165219538780705477e+01 1.007765219944970312e+02 1.124782581577008926e+02 2.384817882725840548e+02 2.671185699210781763e+02
2.801406989059138368e+02 1.908261464507099561e+02 2.137200853533556710e+02 1.374996023721860183e+02 7.874837810407625227e+01 6.257161397849643691e+01 3.099372184695690535e+01 1.119714369506859697e+01 6.333066160203834727e+00 5.207861514219151111e+00 4.179180688860908788e+01 5.339326026571910688e+00 1.811711443553975798e+01 1.111906844876639013e+02 8.008633279163441898e+01 1.800439871866928456e+02 2.133713866818927158e+02 2.211690238320650508e+02 3.100972226567589018e+02 3.644356117918021027e+02
2.757249770915040017e+02 1.606532548940262473e+02 1.319593532146810446e+02 1.182838409799191766e+02 7.420978219502987372e+01 2.387280560585093880e+01 5.327796239802467682e+01 5.467495187709645599e+00 1.134258579578265014e+01 3.775994661528494500e+00 5.542273745806474494e+01 4.816731162676906308e+01 1.554846069560288697e+02 1.321132178659201770e+02 1.427486698496779240e+02 2.486032136902445586e+02 3.188387008359384254e+02 1.973161859482048897e+02 4.085275972088536491e+02 5.097808973194797204e+02
1.739153178536614064e+02 1.167201884535056138e+02 8.799564134722638187e+01 3.878908761355471313e+01 6.593316970011963463e+01 1.597260891937238192e+01 1.879536396609988458e+01 5.384184997784048576e+00 2.559597320658822284e+01 2.552146944914808202e+01 6.883409715738349632e+01 3.821974497254499425e+01 1.042762521876620099e+02 7.127512128483706988e+01 3.878751340540725323e+02 1.935686841009818693e+02 3.958742341245990701e+02 3.903846099207931957e+02 4.019710942065685231e+02 4.018644602996612889e+02
1.068872395187720343e+02 8.439564577438959248e+01 8.516051457055101537e+01 3.796838954732139371e+01 3.196744796583762138e+01 1.160410447761064567e+01 9.694213935317289810e+00 7.336103371937383599e+00 3.393567728660190852e+01 3.770410353975307061e+01 3.964566641123425939e+01 6.984916743745029066e+01 6.130203558302511624e+01 1.324638891362490654e+02 2.465443249260245864e+02 4.849242144789206463e+02 3.448534104061805579e+02 4.671032583531847990e+02 4.420762399955514752e+02 6.732101086888294503e+02
1.444338563918554144e+02 3.925933198543664560e+01 2.322867254208968646e+01 1.340058896327132310e+01 8.769114442498556983e+00 9.700386686351601284e+00 4.361231185259470067e+00 1.266323988424630897e+01 4.590200424986311134e+01 5.308067693975358736e+01 6.907900688469601391e+01 7.935369789451425504e+01 2.279454588212382760e+02 2.769113336218918562e+02 2.333444257085531319e+02 3.944237894571037941e+02 4.987055164109526686e+02 5.131275909752739608e+02 5.095345810487175413e+02 6.961819674131539841e+02
9.146401345126915317e+01 5.822638731954526747e+01 5.610181138723817895e+01 1.545664799614759133e+01 5.564857989073312083e+00 1.112262486124982885e+01 5.091163780207081047e+00 3.956895757945537184e+01 3.764504553183738977e+01 1.018991803446187987e+02 1.236216663836064242e+02 2.023528934328839171e+02 2.380192976947364798e+02 2.523806479909489155e+02 3.080815960697182163e+02 4.436565899464036420e+02 5.649706927553988862e+02 4.646161052790041026e+02 5.565194937239680257e+02 7.121591271327116601e+02
2.573963730878780964e+01 5.109944316420921240e+01 8.942203663535718050e+00 9.105897549182706996e+00 1.359492322670703679e+01 2.353472327205386350e+01 2.383387611070252632e+01 1.775642812088285183e+01 1.189871620768394678e+02 9.719331401477894872e+01 1.216872178083970084e+02 2.343466840261865229e+02 2.989960486995453266e+02 3.695973793180900202e+02 4.496526691431503764e+02 4.529855258862474443e+02 5.470886792559772402e+02 7.439913789737628349e+02 6.910007929357288958e+02 9.474335891753420356e+02
5.528442093976477167e+01 2.783016460047276652e+01 9.388257755737903665e+00 1.898344455596087599e+01 8.850334722042285662e+00 4.392805669777796140e+01 4.229674802328794669e+01 1.934878757934001783e+02 1.532144553730682901e+02 1.097087933651494893e+02 1.957472467847270821e+02 1.976922678250303136e+02 2.571930356740037951e+02 3.363234671759167327e+02 4.592756282930023417e+02 6.290807518719200289e+02 6.923771975484770564e+02 8.129852609538174875e+02 8.663332930981321169e+02 1.191256508482153322e+03
2.018145462652528010e+01 2.752645933033386072e+01 7.919823614836465353e+00 9.194836157233854834e+00 1.551906371626282244e+01 3.864580333035407733e+01 6.095033100644474189e+01 9.537196229725185503e+01 1.595157488740474605e+02 2.652864197856115425e+02 2.070530664963662844e+02 4.045928681315472204e+02 4.007583196370687801e+02 4.551590858585423689e+02 4.803949577335798153e+02 5.433382078496836129e+02 6.948590421811318265e+02 8.458820558114108508e+02 6.914922642169294704e+02 1.140127000787781981e+03
