7.706437414004432185e+02 7.695262767063436513e+02 8.081439474559097107e+02 6.766580734595050899e+02 7.692534513334786652e+02 5.702446900502975495e+02 6.945739014531288831e+02 6.765955647951969922e+02 6.161737052685908793e+02 5.330339800491474307e+02 4.460597883477738037e+02 5.205621564697993335e+02 5.191389180931209921e+02 4.452435702082299827e+02 5.492918497072226955e+02 3.992119175223917864e+02 4.167072756400452249e+02 2.342104160605388472e+02 2.365669082869196700e+02 2.371649911022501271e+02
5.493532194442482250e+02 6.013197749361253273e+02 7.920522427180897012e+02 5.887977093289678123e+02 5.675526439769314493e+02 6.595368097459466981e+02 5.356925178797436047e+02 4.932359028009690860e+02 5.304767765214950259e+02 4.279125720979697007e+02 5.123702559233639704e+02 4.045307695564969777e+02 4.550270596405846959e+02 4.250515848970536581e+02 3.765975541199686631e+02 2.543199317442859808e+02 3.845488321400366090e+02 2.977364494105078734e+02 3.562628418396145662e+02 1.407645758669596603e+02
6.960841094333908359e+02 6.305724841313368643e+02 5.294467834745637447e+02 4.822680096700697163e+02 5.098417952242794513e+02 5.230253725054973302e+02 6.384403426909900645e+02 5.615172494766381988e+02 4.311731903671023929e+02 4.440627907340889919e+02 4.983410168658834891e+02 3.604405788112908340e+02 3.044743643807506146e+02 2.961851964217438535e+02 2.832959973671144667e+02 1.712671675761907295e+02 1.810868327685265058e+02 1.371052678690634821e+02 2.349677038048576492e+02 1.559000955737774063e+02
3.615264308194068690e+02 4.734092364438674849e+02 5.714457486478871715e+02 5.543368716416666757e+02 3.170617232441322244e+02 4.350400088064087640e+02 3.303895015451535642e+02 3.775079296215098452e+02 4.580921771421346875e+02 4.037074856695530229e+02 4.033166007656892020e+02 3.993900019011853146e+02 2.911578389369152546e+02 2.741886045536056145e+02 1.687676475145386235e+02 2.795297503877966392e+02 2.028417209756428292e+02 1.605951841706146865e+02 8.892534855324375087e+01 5.138764964261734747e+01
3.445408437955393879e+02 3.993145128302592184e+02 3.749866966453026862e+02 3.944752300669903775e+02 3.582034049589393021e+02 3.340390467474360889e+02 3.744431574971139867e+02 3.143773185589487298e+02 2.316536523955704752e+02 3.130837587918995837e+02 2.480671642358621511e+02 1.193561321072979950e+02 2.515849777280770638e+02 2.532818813954084192e+02 1.326777325844097675e+02 1.024495119724071799e+02 1.571837520983533523e+02 1.637710297422149495e+02 6.237796534846134477e+01 4.714692971164518553e+01
3.485077193699918894e+02 2.463267366939852820e+02 2.348835699596387485e+02 2.592022776947625857e+02 1.280513932339941903e+02 2.453007599155917546e+02 2.851653783606287789e+02 2.610687135882981238e+02 2.831559234018239977e+02 1.375921384655094926e+02 1.393451957431447283e+02 2.420266154424074330e+02 1.709984541320921494e+02 1.427315687714715011e+02 1.981659054103490405e+02 1.285780925431986077e+02 7.016029346359250951e+01 7.890081148191440263e+01 4.872586209117099543e+01 2.157136241659429743e+01
1.687418909580786988e+02 2.009860832961425956e+02 2.491533634344065149e+02 2.044962322479428849e+02 1.646757881052478751e+02 3.277429271247403904e+02 2.051608080102086831e+02 2.427029316357664470e+02 1.742639433657426480e+02 1.565419408327919086e+02 2.098763450928537111e+02 1.795240321332895519e+02 1.492808983776613445e+02 9.164837716941910628e+01 1.139034639169476577e+02 1.301347903886091046e+02 2.371035018194805843e+01 5.657555336885027941e+01 2.504553439836721296e+01 1.088299655693840862e+01
2.401093230385848187e+02 2.732931113314759841e+02 1.446573964920043238e+02 1.925825656921271900e+02 1.111747589392135467e+02 1.136352223199848055e+02 1.614992849400881880e+02 1.156227084529088245e+02 1.876784511015949590e+02 1.082397827686116472e+02 1.367861134410950115e+02 1.484012837446967410e+02 5.159590101921140359e+01 4.825919983822126369e+01 6.467161428082519592e+01 2.332104563488728388e+01 2.266189596663181405e+01 1.470480154985063592e+01 8.132801677127684314e+00 1.970718645572404526e+01
1.218793563757164407e+02 2.041596476047340616e+02 1.168390787252475178e+02 1.594060152329096525e+02 2.251829025037401379e+02 1.847161282529940820e+02 1.108399534215259479e+02 1.246581675219200633e+02 4.863900161217739537e+01 1.756067411631482287e+02 5.268834476797548660e+01 1.017483468865625866e+02 5.639967772203033292e+01 7.709968221412668754e+01 6.924331641903951606e+01 3.676407829842356989e+01 1.098134843304155339e+01 2.908286112324668338e+01 4.796491515871868394e+00 4.493686966984300923e+00
1.591035339640967265e+02 8.294936237688104086e+01 9.617920459265988598e+01 7.909004487278201623e+01 7.795618385060512878e+01 5.464201972313178146e+01 5.727332659621769295e+01 1.351865411993247221e+02 4.149246296454111160e+01 6.106679943505545083e+01 6.083130487624210758e+01 2.779000340370378552e+01 1.537890835889008478e+01 2.884705000989482926e+01 3.576384381223027731e+01 2.173156275607875898e+01 5.057612821388080704e+01 7.990191446478884352e+00 2.192802448395018544e+01 1.073626584256516381e+01
3.811708820078300164e+01 6.562995785489479772e+01 3.793482024321164658e+01 3.379339704944409561e+01 5.039157783962456705e+01 5.080676638489588726e+01 1.311638624662738728e+01 2.322573369056774695e+01 1.721736568721329874e+01 3.744755759095091463e+01 6.949807357598674074e+00 5.056248257266348389e+01 8.095573706056860885e+00 3.262587345116127580e+01 7.231966052422935221e+00 8.394575749580447166e+00 9.231238567476939494e+00 2.408987149262724614e+01 1.145227016246098550e+01 2.871656683137991095e+01
3.397811290109574145e+01 4.735925452637579269e+01 7.741205205515976218e+01 6.325846434392976647e+01 4.663213915825601674e+01 3.974502290388689740e+00 1.770706281338657817e+01 6.908004213024975471e+00 1.792358825570608261e+01 2.560774341412913913e+01 3.246612775508436499e+01 7.602872892010053896e+00 9.463904608655489881e+00 6.860845880509725880e+00 5.516900796810750407e+00 6.072674630289900399e+00 4.575704945181138683e+00 7.665007432261002229e+00 5.338045367356236426e+01 9.963339857120717014e+00
5.753809780491879522e+00 3.194490236282619477e+01 6.425275673083387318e+00 1.959993351383074511e+01 4.640595000967907779e+00 4.306371923776707433e+01 6.569391083984236879e+00 2.316306714422427149e+01 5.841639445628048932e+00 2.647233877234311450e+01 5.464393236758520622e+00 1.096585767867728656e+01 3.707466409487345071e+00 4.479400837296992677e+00 6.247756552706588806e+00 7.024936000621933019e+00 2.544872423642869563e+01 1.368928617744076170e+01 3.009685151314184282e+01 1.065397996386422506e+02
3.843612560186036831e+01 1.628263106641205482e+01 1.905078034562161093e+01 8.604198892863273329e+00 3.677691044691600908e+00 2.431663673256131375e+01 4.795828591571501320e+00 4.978090221836288798e+00 4.676602288292835752e+00 1.321982823641360483e+01 5.329769739269814899e+00 1.081910566534657292e+01 4.547906671247631039e+00 1.546850436444682941e+01 2.651688830430597932e+01 8.259488636910447212e+00 4.562470317151418442e+01 1.139328900810982326e+01 8.817209553121121246e+01 1.551285978176152298e+02
2.423433941981409845e+01 3.699989704311284378e+00 6.875110600426242335e+00 5.572383689198573187e+00 3.928029059125210054e+00 6.252073820765087220e+00 1.699061884734985028e+01 4.957768469749573192e+00 6.779115854452687273e+00 3.720785481229923697e+00 1.005538013980673107e+01 2.284017653638922596e+01 4.145955785845487895e+01 5.879825147466496205e+00 1.047604981244183442e+01 4.846026750138894812e+01 1.254613032312833809e+02 1.115953945673263661e+02 1.052414951351104691e+02 1.802972900992679683e+02
3.737731112343371187e+00 1.378513763707046458e+01 3.617125678790019450e+00 1.587727195088346122e+01 5.927899728128821266e+00 3.764280233172425660e+00 7.303075363704998324e+00 7.016732315543658949e+00 2.672360912990146176e+01 4.821236935954151903e+01 1.794597568640011431e+01 2.083296170385660417e+01 1.833086501547971636e+01 1.850241704646046514e+01 3.223001157497478175e+01 1.195683611119803658e+02 5.770707023833407590e+01 7.662690618349179772e+01 8.242145187644906912e+01 1.103305846993308990e+02
5.230339080082671011e+00 8.265979227552769260e+00 7.587475507977176292e+00 1.419978650319353086e+01 3.689611368845512374e+01 8.741880541224309908e+00 6.048906966320500622e+00 1.901092111953563091e+01 3.655008253034491617e+01 9.863437908645050101e+00 3.784945795986671158e+01 4.663345988513382423e+01 3.499228583640501000e+01 7.627713782653965779e+01 3.721127724202911224e+01 1.337480169708029507e+02 1.069802308314769732e+02 1.067774778655083736e+02 1.685472770515977174e+02 2.092413341548509891e+02
1.495896879731221851e+01 8.521499115864553886e+00 1.017546834414229906e+01 2.114692605649940305e+01 1.680256251971799486e+01 3.983426911025362926e+01 2.651142513311953053e+01 1.669598583245414147e+01 3.429037284864871538e+01 3.158037894187284778e+01 5.922286584725885916e+01 7.351296819431838969e+01 5.347288390798279778e+01 9.776157642696192340e+01 1.640487450423796076e+02 1.179294989205876760e+02 1.486856961098264378e+02 1.968996360087161008e+02 1.880927768508254303e+02 3.174062659938272759e+02
1.039144578383984907e+01 2.843569114243896578e+01 3.504364892769970652e+01 3.241179105690848417e+01 1.471895453702719081e+01 2.047936168758127806e+01 8.564642916461126632e+00 3.529336487937654709e+01 3.418942843911125351e+01 3.102288046350371431e+01 1.107656669186232676e+02 4.560181304610607356e+01 1.265236048902905708e+02 6.665963193132506603e+01 6.978287158051132621e+01 1.052620825450608351e+02 1.654740614059258519e+02 2.584767739840078775e+02 2.416755631292510884e+02 1.821978021971922317e+02
1.149171993485282073e+01 7.232371801374077336e+01 2.236215944209126860e+01 5.077606442379587293e+01 4.981111954415879950e+01 6.317158196838811079e+01 8.606687282386785398e+01 6.898292092200678383e+01 8.782465973596724496e+01 4.870939867940319346e+01 6.075613067972214765e+01 1.126280597620597632e+02 2.106981417300314945e+02 1.142282415500951203e+02 1.938445238849966756e+02 1.415651744492963360e+02 2.419687444821532267e+02 2.205980130109496145e+02 3.397575551395055413e+02 3.560593912102614809e+02
