1.097836932668850568e+04 9.049247955632052253e+03 7.882948652811617649e+03 6.497247992889133457e+03 4.512446845801917334e+03 3.875197794329978478e+03 2.954256064902203889e+03 2.367841572577347051e+03 1.320988795761056508e+03 8.743561408400331629e+02 5.072458043287814462e+02 2.294269875165540213e+02 1.026042648165857329e+01 2.357934645255109984e+01 1.723780558660057238e+02 4.383576988178276679e+02 8.740804973088386305e+02 1.298254756919875263e+03 2.034300053290789947e+03 2.959655438743877312e+03
1.028883420499611020e+04 8.935515157943538725e+03 7.555611231912375843e+03 5.861404519379700105e+03 4.605074825146973126e+03 3.696124480788779692e+03 2.967759423115868231e+03 1.960516768339885175e+03 1.359744999827378933e+03 7.672579443646175150e+02 5.075653582346593566e+02 1.156832791091459143e+02 3.049382313853306670e+01 4.023178827914527034e+01 2.116258484060695082e+02 4.940672418552503586e+02 1.080559584821241515e+03 1.751310031808552367e+03 2.288979433211678042e+03 3.628679179069558813e+03
9.850377717699135246e+03 8.478760794855783388e+03 7.433064386610210931e+03 5.059655057239277994e+03 4.608897900704409949e+03 3.442534962381668265e+03 2.393078551311929459e+03 1.787554717864607483e+03 1.360013582645190127e+03 8.938977524325370041e+02 4.104982440363497176e+02 6.532708962652736773e+01 1.059205899332429368e+01 5.591710022520038592e+01 2.707426368181770613e+02 6.040505413160867647e+02 1.124605740348859172e+03 1.624660045851172072e+03 2.307497386885245305e+03 3.528265143743646149e+03
9.889103467204195113e+03 9.196714958759681394e+03 6.128205284275519261e+03 5.260504028731474136e+03 4.408145390186263285e+03 3.298292074292486632e+03 2.602615882299109671e+03 1.772575456289040858e+03 1.286262196555131595e+03 6.547783782743608754e+02 2.874724604797102643e+02 5.639219673658890031e+01 6.650616551501360441e+00 6.546840483247059694e+01 4.038514220403995409e+02 8.447894485279770151e+02 9.616198841744527499e+02 1.676578636114705432e+03 2.798854089919412672e+03 3.604507796442662766e+03
9.272451083476720669e+03 7.943837714385968866e+03 6.423460364464033773e+03 5.182921654360224238e+03 4.029862347208775645e+03 2.750288097938388546e+03 2.121601274245944296e+03 1.251437209566512593e+03 8.423013746799447290e+02 4.070865726292188924e+02 1.758251724590880372e+02 6.111253644432096621e+01 9.696910257413577483e+00 1.041475048340285383e+02 3.508022858967956950e+02 6.990637475901744438e+02 1.283806426847861758e+03 2.221582432245901600e+03 2.850800945536370364e+03 3.755173066365302475e+03
9.048590025189821972e+03 7.133543457235420647e+03 5.276808573079554662e+03 5.029192421665517941e+03 3.983384648589775679e+03 3.059356418008786477e+03 2.067695287073728196e+03 1.472626392299517647e+03 8.154168594304189810e+02 3.969538128910552928e+02 9.362520918114209678e+01 1.523781086224172476e+01 1.179249072747931493e+01 1.788909293996839835e+02 4.616547416285334293e+02 8.657530963060488602e+02 1.435232969643013348e+03 2.263066065167229681e+03 3.398712524829358244e+03 4.373190019077287616e+03
7.713860629748562133e+03 7.450240276307017666e+03 5.742304666920482305e+03 4.583770125371049289e+03 3.728584737947116992e+03 2.636765401959668907e+03 1.831492328578574643e+03 1.283820016316581359e+03 7.879976332661624383e+02 4.149598546928453402e+02 8.654342965447834501e+01 1.200946766611325778e+01 5.258644531041709769e+01 3.195595311043163065e+02 5.487324687184132017e+02 1.047588784872403949e+03 1.458021759781368928e+03 2.338549580556669298e+03 3.408368783971153334e+03 4.292693263468851910e+03
7.860871894389761110e+03 7.483813368478153279e+03 5.359528066811238205e+03 4.873587470373295218e+03 3.328607655107000483e+03 2.465543954034324997e+03 1.751925560534583838e+03 1.336427153786948111e+03 6.796727750751496160e+02 1.602730648219674663e+02 1.303593652594430807e+02 7.868472399054701860e+00 1.381688743203851004e+02 3.290924468240806959e+02 5.290054517028761438e+02 1.085157210713732866e+03 1.699533237754371839e+03 2.378282215218706824e+03 3.528539967032697405e+03 4.760380747169438109e+03
6.976828017544667091e+03 6.062280975410243627e+03 5.493876264214734874e+03 4.123531487977663346e+03 3.233590922940466498e+03 2.485580881765029062e+03 1.493940600103582938e+03 7.548246276981210485e+02 5.074727564405515636e+02 1.872666942056548578e+02 2.075340837498433189e+01 1.913964452831730512e+01 1.214383340144317458e+02 3.686463326740624780e+02 7.198170198403844324e+02 1.215624890328087758e+03 1.764512817456758512e+03 3.060304246994528057e+03 4.406435181421036759e+03 4.580594594312824483e+03
7.416973229886662011e+03 6.432605019698215074e+03 4.986644474173686831e+03 3.756611347540027964e+03 2.820296828556878154e+03 2.029553410202884379e+03 1.435569223586783664e+03 8.552023854967426360e+02 3.641973247758733123e+02 2.041977378580877200e+02 3.397051111233324150e+01 8.304657138181276821e+00 1.237899645827187243e+02 3.919880927691293095e+02 9.228004058220883508e+02 1.429111503518499148e+03 2.002291134004107562e+03 2.927953379485338246e+03 4.183845886204223461e+03 5.146517217149642420e+03
7.698961996532236299e+03 6.026587264365912233e+03 4.460612038652709998e+03 3.754827335558818959e+03 2.399262673297796937e+03 1.563547258213168561e+03 1.307537425233668046e+03 7.316614216782080575e+02 3.060724269343975834e+02 1.150074582828649454e+02 1.075778501848780877e+01 3.182432090299081651e+01 1.640748288625100884e+02 4.419995432003008204e+02 1.043311645882177118e+03 1.572849145435571700e+03 2.121156551455687804e+03 3.530282236443515103e+03 4.033983022593226906e+03 5.695581153813979654e+03
7.208408722078421306e+03 5.659002506972315132e+03 3.993341378775494377e+03 3.656680976194601953e+03 2.634883276188239051e+03 1.511554621459792315e+03 1.410366718172339233e+03 6.674081285434718893e+02 3.056220864634368013e+02 9.315837828017910738e+01 2.619993625474942078e+01 9.719342658070279128e+01 2.525860639250105066e+02 6.752315829210206175e+02 1.114536854873594621e+03 1.573805488644174375e+03 2.818509276946955652e+03 3.103781052120988988e+03 4.750238533797736636e+03 5.798843769741207325e+03
6.536017369611909089e+03 5.324052038845940842e+03 4.390562585119912910e+03 3.097336986692356732e+03 2.217732388524553244e+03 1.471392633496704548e+03 9.667035513403474170e+02 6.737417114635813959e+02 2.633541673315294815e+02 5.466729991188899618e+01 1.376195474449495926e+01 8.238547412989930763e+01 2.956712205577842383e+02 7.386444007609721893e+02 1.262170592041478358e+03 2.008263810186790806e+03 2.772940768142663273e+03 4.035054205009796988e+03 4.513623332784726699e+03 6.328534738161708447e+03
6.491399950535304015e+03 4.790302924905970940e+03 4.172982033711179611e+03 3.308185503442188292e+03 2.014025093563154996e+03 1.343910813047988995e+03 9.094734986697318391e+02 4.859248864396752765e+02 1.628938771343945007e+02 2.308065066163958790e+01 1.726453258516624700e+01 1.088471480343225295e+02 3.464235803337605262e+02 8.766138644451649498e+02 1.598262009619769515e+03 2.086009435338956337e+03 2.622676823252907070e+03 4.009887095594380753e+03 5.133968408638503206e+03 5.629707276547395850e+03
6.020296782547004113e+03 4.995300940763936524e+03 3.708267535126607982e+03 2.476129731665236704e+03 1.787128834410666968e+03 1.462454041878616863e+03 8.938244790607537880e+02 4.345127276769538867e+02 9.473674040001917263e+01 8.226873467290893416e+00 4.563013569942993541e+01 2.070497631046138167e+02 3.537340823043487603e+02 7.470527189271474526e+02 1.551546730564756899e+03 2.425739859069840804e+03 3.179081025063459492e+03 4.161599889998507933e+03 5.507923860722693462e+03 6.841215133451184556e+03
5.820377088846468723e+03 4.648190863200557033e+03 3.164129527237270850e+03 2.627721383385945956e+03 1.668332568654437864e+03 1.056773637259768975e+03 8.597196577227548460e+02 2.980031365289499377e+02 1.523430032619954204e+02 8.247345219568387620e+00 7.872870979418019033e+01 2.450055431450986987e+02 3.758035040773224864e+02 9.689555332307220397e+02 1.464253681209180058e+03 2.497477771940141338e+03 3.481566432444928068e+03 4.395351912260218342e+03 5.475693778865093009e+03 7.523938539278251483e+03
5.818667683550723268e+03 4.185800309147492044e+03 2.834904017660167028e+03 2.234948001753420158e+03 1.902787502661314420e+03 1.087504885207696589e+03 4.125772236333605747e+02 2.365692214211591136e+02 9.936738229034763492e+01 5.821134377500681190e+00 4.321818702360938858e+01 2.429734291855209847e+02 6.204729063385235577e+02 1.024310640469454029e+03 1.717030134756828375e+03 2.468637866837614638e+03 3.390130644236263379e+03 4.427247117724417876e+03 5.775563831145640506e+03 7.362580249439268300e+03
4.896638691940619537e+03 3.930050611205450878e+03 2.871431164226229157e+03 1.988250191541387721e+03 1.551282255639993537e+03 9.036276035895147061e+02 5.139042113856254446e+02 1.579395480686064843e+02 7.757152126938744452e+00 1.436464257795378430e+01 7.791692615522697452e+01 4.688846446795825500e+02 7.661398587874012946e+02 1.550068552182648318e+03 1.651074731434050136e+03 2.548292070448912000e+03 3.543297906151225106e+03 5.083511473567182293e+03 5.512089298023790434e+03 7.081681548054483756e+03
4.459923006569629251e+03 3.776559541106462348e+03 2.511749953056445975e+03 2.074991802427856328e+03 1.439779314605730860e+03 8.023318576550517491e+02 4.093593114692573636e+02 1.273440866741998292e+02 1.921353501268289676e+01 4.070976984285068312e+01 1.860747457360608905e+02 4.838731225154822937e+02 8.211988889578708495e+02 1.496665355126546501e+03 1.795210881346189353e+03 3.105180293328333846e+03 3.919224912455215872e+03 5.039354941934247108e+03 6.351307311945600304e+03 7.416331008432550334e+03
4.495613664233265808e+03 3.885376810512443171e+03 2.847102182337610884e+03 1.593832652628511823e+03 1.001656303435815175e+03 5.529544447639420923e+02 3.326014014638262211e+02 7.305916453824241330e+01 1.934433232368622413e+01 9.004852936288945386e+01 2.231903119380382066e+02 5.728369483845674495e+02 9.428610123536200263e+02 1.632266479320034023e+03 2.473238514136854519e+03 3.325289103547892410e+03 4.688635879673945965e+03 5.552732961188818081e+03 7.228534741518516967e+03 8.370538231753218497e+03
