2.550070142316896593e+01 4.704397621931164508e+00 1.526779923927048266e+01 2.226836811964026808e+01 1.951079579340332515e+01 4.124621832694073120e+00 7.299241191697452003e+00 8.489068583808849766e+00 3.432664146020597773e+00 1.993141339352289876e+01 5.735438586573160968e+00 7.853377536185416119e+00 1.349452470039929608e+01 1.772867976830093184e+01 1.805637701767400927e+01 1.774270673800069886e+01 8.062257983233376279e+00 2.416069848339271786e+01 8.160479053205138555e+00 5.783338965301819456e+01
2.432285175835944102e+01 1.824110635051752638e+01 8.930688805410216702e+00 4.009310481842753404e+00 2.617775756294857814e+01 1.203982835174126365e+01 5.819022994261141335e+00 1.625930921087590875e+01 4.028464118766573954e+00 6.480416290914130073e+00 1.854096129445485985e+01 1.150271312234677090e+01 6.999333799760927732e+00 7.826026231981897396e+00 9.144973187627158495e+00 9.226080716314669417e+00 4.048046074367331926e+01 4.171994360049411910e+01 3.652498313205656899e+01 2.736985277275935857e+01
3.435243464056229357e+01 1.925538256940224002e+01 2.090696873914153642e+01 1.281016384004024822e+01 8.772014950997544247e+00 6.888287317609295357e+00 1.577524031538066218e+01 4.264266840056595953e+00 1.593865590644400854e+01 4.496413118939140752e+00 1.731927971145967504e+01 1.489685543206291563e+01 7.101256994866627537e+00 2.209317470000111072e+01 8.923884712966138721e+00 7.166028455306395983e+00 1.968593591328654213e+01 7.442371232536344472e+00 1.794992357707185704e+01 1.000368145690002919e+01
3.699514474272743314e+01 1.291261500335903101e+01 1.661518832398196110e+01 2.397551393165411326e+01 1.479899213750666931e+01 9.251196744345090650e+00 1.052848627188866359e+01 5.990705369626403431e+00 1.026692405263178287e+01 1.394164980555620126e+01 6.540260670805427168e+00 2.528135331632960003e+01 1.324619987547217548e+01 3.880220104792322644e+01 8.580647429765717149e+00 9.502802822947725048e+00 2.324408581487637449e+01 1.895114714101602971e+01 5.106219417388657433e+01 2.867183934975972193e+01
2.770889841142360766e+01 5.834825789646878036e+01 3.660526627279331535e+01 4.667028140483820309e+00 3.764928060459969750e+00 5.028308019574878607e+00 1.846549358868267277e+01 5.372657622534147137e+00 5.975508327275726117e+00 5.250156236959146128e+00 2.014940220852843922e+01 2.614744485350909997e+01 3.551135453518970309e+01 8.656679806949567180e+00 1.911804484416659022e+01 1.165857783841714834e+01 4.601370356321203303e+01 2.567695942379693719e+01 4.103261368141155430e+01 4.380810481299492665e+01
8.168033830477455126e+00 1.749727724946132668e+01 1.727541806471516850e+01 1.544556282148534621e+01 6.418133163760193050e+00 5.968569224604411971e+00 4.773303940585478244e+00 1.209527151704388004e+01 8.354582835238655747e+00 1.333518481306076708e+01 2.487021510057733309e+01 1.833136862616225926e+01 1.466802914788917001e+01 2.503709139763178015e+01 2.555133336434901636e+01 1.441582599120811459e+01 3.752236555661308870e+01 3.114587502255057316e+01 5.518400356275182617e+01 3.593544734405260499e+01
2.297401219534738814e+01 1.456411937364373976e+01 8.966967059449327593e+00 6.944659411367612556e+00 7.460449149440679939e+00 5.932534853212614756e+00 1.822549999319090475e+01 7.130998367955118766e+00 9.004435979574628490e+00 1.084060012575051601e+01 1.237687206324442002e+01 1.017461926738596567e+01 1.524273065621069279e+01 1.562475561759347720e+01 3.747837265919026351e+01 1.532303282186891202e+01 8.821758594068984394e+01 4.349063883573930411e+01 1.109639879818960111e+02 1.998349872277192318e+01
4.196970092768186333e+00 4.411811146768549463e+00 1.697935116067339223e+01 7.778357766817112662e+00 7.945011156972194399e+00 4.406280381371680477e+01 1.029189900628376186e+01 6.171796310871474844e+00 2.366247697328989830e+01 3.449665976595524342e+01 5.578538664681656378e+00 8.997098087421592894e+00 1.803868258962773297e+01 1.838721990522097371e+01 3.356459650619667201e+01 6.671101252433122397e+01 3.548663288619876255e+01 5.534332914410187954e+01 1.748307690563740735e+01 5.435187948168638172e+01
3.953686394628743273e+01 7.692789271723134092e+00 4.675711675453039007e+00 4.740267134234064983e+00 5.703842872194195834e+00 1.009116476534650531e+01 2.461858707201126961e+01 1.067815981297392547e+01 7.263413432309534734e+00 1.295932987741030118e+01 6.395767549583922573e+00 2.240094775951043715e+01 1.822741340148627742e+01 2.716928617840420657e+01 2.342000171595447000e+01 2.149068610078626307e+01 1.950358481499181096e+01 5.581906493809496794e+01 8.087051941407206357e+01 9.872779079708491778e+00
2.234272243222424237e+01 1.173157600931319600e+01 6.709741894866674272e+00 7.727035912588053890e+00 9.061219978532019326e+00 5.835247904978060340e+00 6.351638225334424348e+00 2.616591683675912705e+01 1.517109022266379803e+01 5.684412020886537853e+00 6.939869339690361016e+00 2.365526168632664294e+01 2.763801676973997701e+01 4.691750809887249574e+01 4.278276297091142766e+01 1.114231364149589609e+02 4.032048438706517857e+01 7.063688642473307766e+01 3.776137873297065539e+01 3.059473606753843811e+01
8.364092006003788882e+00 5.788436390438880252e+00 1.481157723125063619e+01 1.775315753128183971e+01 5.222349664269977154e+00 6.750355755566289417e+00 6.430455757245927551e+00 8.430951322151184257e+00 6.995937047477360338e+00 3.206046127376883703e+01 5.127048674028157649e+01 4.682942139562292283e+01 9.043821677726616315e+01 6.179363729495238289e+01 7.225941347528372205e+01 4.031302512247832226e+01 1.804613003755228462e+01 9.321315083280194358e+01 6.394922498504221409e+01 5.137629045526139748e+01
4.718212853416021701e+00 4.294576169107140018e+00 6.313601576717317698e+00 4.357172859617421068e+00 1.459964375111197299e+01 1.159682189657824303e+01 3.538410205083558679e+01 1.874017203883258986e+01 1.078035594969826505e+01 1.080343444953264331e+01 3.079568638511333489e+01 7.380950166061579409e+01 6.800859886609181615e+01 9.551957415181782096e+00 1.978305144962430262e+01 4.222589047809680807e+01 7.899306006970614646e+01 1.034400936781291875e+02 8.067879573653758030e+01 6.641805293760481277e+01
7.145732287476368683e+00 4.334194302981160263e+00 9.713624532913701870e+00 3.913674671106608827e+01 1.159155441435343192e+01 4.274165747558447492e+01 2.712963974117297639e+01 1.195516330188046794e+01 2.883098675165999936e+01 3.512861765657298463e+01 1.166936909380337717e+01 3.059356122802820366e+01 6.275272628942698816e+01 9.077843038157178057e+01 7.396715562609566064e+01 4.463582709094460199e+01 8.150320286838692141e+01 8.690811820076008587e+01 1.604075261945370201e+01 9.735863155724599949e+01
5.584739921686397324e+00 8.815473722212384899e+00 8.815031791247077919e+00 9.373111348178618130e+00 2.507093353496811972e+01 2.646634804013369191e+01 7.374018710910807073e+00 1.996684998073682138e+01 6.623948899348199859e+01 3.593462488460228599e+01 3.118611013981785618e+01 5.846552948082693035e+01 1.648903744841109358e+02 1.186985484918131704e+02 6.944987139501648699e+01 9.001870816902051331e+01 1.259075107744197197e+02 1.090405622521629567e+02 7.629603686724200884e+01 6.750856848278206712e+01
1.022122891506793962e+01 8.558051798003079469e+00 2.138319529016525777e+01 5.378211952034769538e+00 2.497502680705633082e+01 3.944480875404074993e+01 2.656339624021122958e+01 4.271089191550610309e+01 1.401155734006306552e+01 4.659216055743036122e+01 4.142226183508598325e+01 1.022396938122694792e+02 5.263032700826183685e+01 6.433717094527399638e+01 1.474364245934483506e+02 3.283305994438383379e+01 7.528116647213725798e+01 1.211538166129980851e+02 4.794716151681006266e+01 1.901497425742252290e+02
1.923683049943247525e+01 4.946001562275092311e+01 2.506299673551022167e+01 2.601737035197999148e+01 4.353781990993790885e+01 2.736087477333894924e+01 3.254632584999875888e+01 1.013895321244162915e+02 6.097808437619021049e+01 1.075561664567963049e+02 8.959448691461592773e+01 7.762688771656002018e+01 1.405469432002365409e+02 1.945322129340218282e+02 1.391409541485038517e+02 8.435431271922168150e+01 1.704531727696731878e+02 1.866295221286489721e+02 1.448208496094534610e+02 1.831495793073435152e+02
2.280904510404104357e+01 9.981958473656224129e+00 3.896780630562645342e+01 2.693139641881150581e+01 6.563023046996906373e+01 1.027623345427317219e+02 3.549089848060175711e+01 6.458231121804595887e+01 1.305778471869770385e+02 8.269311001416448903e+01 1.789067684780972911e+02 8.118618675267457263e+01 5.139173746311230673e+01 1.170834742069553585e+02 1.058994137757557752e+02 1.271867719854059544e+02 1.570511590476007200e+02 1.672193755363230991e+02 1.105811928525249215e+02 1.772658346986392246e+02
4.527682641011075759e+01 2.056734885389493783e+01 3.687305130928206864e+01 5.786130141780136427e+01 3.066842511617215550e+01 4.954079679437977290e+01 4.461461750390522241e+01 8.217601374508934953e+01 7.637231808524882126e+01 9.944608703500212243e+01 1.012178496296484838e+02 1.532537848389434600e+02 1.162243336771940392e+02 2.052414626924291952e+02 1.691032843124386318e+02 1.724693805812727589e+02 6.266606855534325149e+01 2.411537580817382036e+02 1.689661184225841453e+02 2.806952004902212252e+02
5.306028767439281069e+01 6.331431570307060497e+01 4.233077014565873952e+01 7.750247236077106550e+01 1.735983685482115959e+02 1.562137638315029164e+02 1.518951092283851949e+02 1.643093995635600493e+02 2.003359926645798339e+02 8.976546574913709264e+01 9.691651444208864064e+01 2.169371576830549486e+02 2.307422391255958303e+02 2.060285927257161234e+02 2.912347154472016086e+02 1.874800440211902810e+02 1.834788365762069589e+02 2.264126482249962748e+02 2.671297460359109550e+02 2.033856911804292054e+02
3.112422048108302519e+01 9.491586086504514697e+01 8.614339729798024337e+01 1.029178683445729519e+02 2.407159968275694268e+02 9.941299511616787754e+01 1.234905316603844483e+02 1.191261882918472992e+02 1.367195405724382340e+02 1.651085492485978818e+02 1.616909103942506931e+02 1.890096196390760497e+02 3.191161190076778666e+02 3.005616258309988211e+02 1.549380402409439057e+02 2.339642586981821637e+02 2.190755963725897004e+02 2.484747699071362490e+02 2.794427765125001315e+02 2.470568815792151440e+02
