9.019261608444194280e+03 6.681363555800930044e+03 6.150703717555183175e+03 4.557544753358785783e+03 3.846978912105516429e+03 3.005267464073498104e+03 2.031383428768568592e+03 1.021021986629620756e+03 7.806574013411703845e+02 4.506608250363028674e+02 7.351869598813283346e+01 5.174118143243854107e+00 1.612100713676597863e+01 2.545761752070543764e+02 4.048886115616456891e+02 8.488307317795879499e+02 1.385757651814588371e+03 2.502627431687049011e+03 3.687333940017751956e+03 4.723070200583907535e+03
8.341387741848102451e+03 7.228341064171650942e+03 5.869479709833532070e+03 4.122126361540596008e+03 3.655053863788138642e+03 2.882574593778645522e+03 1.906359357731224918e+03 1.011440108022043205e+03 8.243480924162917063e+02 2.829402549056572411e+02 1.152690397550167916e+02 4.857166350575446323e+00 3.894444335401646029e+00 2.107684607645808228e+02 7.345239155041250569e+02 8.931534577530856041e+02 1.672225762603917701e+03 2.487335723028733810e+03 3.190871390283623441e+03 4.237558801460980249e+03
8.545864062704908065e+03 7.163657644007686031e+03 5.968361469038774885e+03 4.805966098815000805e+03 3.722006162319108626e+03 2.641794803140442582e+03 1.529192158911609113e+03 1.397901166295514258e+03 8.843899377729801472e+02 4.915633683073249358e+02 1.011517188576712130e+02 4.542409984356583053e+00 5.374194787985275212e+01 1.952469501722708571e+02 6.289536458252657667e+02 8.389577071490435856e+02 1.451558968253022840e+03 2.418584533475500393e+03 2.873580892998073523e+03 4.335541085448077865e+03
8.117160208377958043e+03 6.985023546205465209e+03 5.579860605501958162e+03 4.609800907929571622e+03 3.608081843266970282e+03 2.765225115106915837e+03 1.993367812361439974e+03 1.191513325750951253e+03 5.610222003288627093e+02 4.018904913229909539e+02 9.835627680688592989e+01 2.186853199982923002e+01 1.862403740365569149e+01 2.205730308126069872e+02 5.300380353389585935e+02 1.166527642452670761e+03 1.659045566912896675e+03 2.353779141812062790e+03 3.238715678049894450e+03 4.298454621100710028e+03
8.702502842083355063e+03 7.414783559548602170e+03 6.047903258447504413e+03 4.738424543438063665e+03 3.471943726676362985e+03 3.006875134215208618e+03 2.085241888713226217e+03 1.347907180734302528e+03 6.945064066442091644e+02 3.513959462762766179e+02 6.723241133303613992e+01 1.723440817571710326e+01 2.118051236137936755e+01 2.365183537012577233e+02 5.009678206170692079e+02 9.518296999838319152e+02 1.486038449947646995e+03 2.443452745572712956e+03 3.240123288527069235e+03 4.304190937197731728e+03
8.129842664674319167e+03 6.749159743354872262e+03 5.968659519221008850e+03 4.932028329568151094e+03 3.813201122178691548e+03 2.574536889307635647e+03 1.789379089516987051e+03 1.284137065871300365e+03 5.869688620253006093e+02 3.191666013805299258e+02 5.887168193041652842e+01 1.182331441860982046e+01 5.229318348283985074e+01 2.426799990428463900e+02 3.735000616181768578e+02 1.022380309113845556e+03 1.719848916367542188e+03 2.195402349327700449e+03 3.690988199259510566e+03 3.919529711540922108e+03
8.542890310212746044e+03 7.301197495518764299e+03 6.345681887299017035e+03 4.529811942330909915e+03 3.867570383157044034e+03 2.651991909064825450e+03 1.798208284595388022e+03 1.191825379247678939e+03 5.533603641521174268e+02 3.979142506246316202e+02 4.117186965690340372e+01 2.102777602157819103e+01 1.646417438776092368e+01 2.293512224314604566e+02 6.038348135269993691e+02 1.052936915046560898e+03 1.620990755095754821e+03 2.503970815974950710e+03 3.214239963585364876e+03 4.449387852907590059e+03
8.743208373774599750e+03 7.339597428526796648e+03 5.097081254016040475e+03 4.763418507391575986e+03 3.540484401204462301e+03 2.761729260752688333e+03 1.795603290466807493e+03 1.351623282984959133e+03 7.130240546368920604e+02 2.355413030447613210e+02 5.244048601887610062e+01 8.957530777539570721e+00 5.330463612231537951e+01 2.905483321932327954e+02 6.379119303182599197e+02 1.017712159962393912e+03 1.811671929954985899e+03 2.178431432103457610e+03 3.161795676955542604e+03 4.206008934744242652e+03
7.715688758739844161e+03 7.078272145920017465e+03 5.588694226923920723e+03 4.835876266259211661e+03 3.479090181080849106e+03 2.307588532662732632e+03 1.781409965252882103e+03 1.285554571679392211e+03 5.686520250683665836e+02 3.006477081151001016e+02 9.017281083598065550e+01 4.258940440611572953e+00 8.177499208132317676e+01 2.394031589215002782e+02 5.851867651126291321e+02 1.150132503334526973e+03 1.772341943894621181e+03 2.536263733131713252e+03 3.338796212791739435e+03 4.532662874127666328e+03
8.351211532751378400e+03 7.147303972530587089e+03 5.485627572587094619e+03 4.003948475394325214e+03 3.426538693710063853e+03 2.567634498212580183e+03 1.831092980392668096e+03 1.330507978829401054e+03 6.498921430190156343e+02 2.070943974107834151e+02 4.018707504283349863e+01 6.642008809003232983e+00 3.498301890223193311e+01 2.549286921882848844e+02 5.448058680678589099e+02 1.099999030429348522e+03 1.685301425208758701e+03 2.284229481104493971e+03 3.460782977143406242e+03 4.389372180420581572e+03
7.862771612970960632e+03 6.765288980673632977e+03 5.291017520386431897e+03 4.537841118406658097e+03 3.237286070853294859e+03 2.809344071413522670e+03 1.446323469708498578e+03 1.032489179456785450e+03 6.390987012356461037e+02 3.446154009745277449e+02 6.907728831173547235e+01 4.234560123236834173e+00 6.709079215450744016e+01 2.623832807626783392e+02 7.542867816565185421e+02 1.180166908992322078e+03 1.791052009539770097e+03 2.528888179931456762e+03 3.541650787512689931e+03 4.288883152554826665e+03
7.448015762514573908e+03 6.822002622016842906e+03 5.332570771731587229e+03 3.591772254446863371e+03 3.822587092666265107e+03 2.049726808066783178e+03 1.694878541474812891e+03 1.068495618924810287e+03 5.106052962590912330e+02 2.900590570891571360e+02 7.130209334197510884e+01 5.272683680507270765e+00 1.016147259418827673e+02 3.191340280375421230e+02 6.012702240524877197e+02 1.242956197634932323e+03 1.881147828495719295e+03 2.596817254790995321e+03 3.807481074272532169e+03 5.170387142643269726e+03
7.865221142625665379e+03 5.996444624939393179e+03 5.687589742649573964e+03 4.090935023803013337e+03 3.087820605581312520e+03 2.355282262118318158e+03 1.650671749781225117e+03 9.549839306359815509e+02 5.655079985894002448e+02 2.357462593056413596e+02 7.774601280442190898e+01 7.800468013394930900e+00 1.204062147248262846e+02 2.519893524193920769e+02 6.639664213029136590e+02 1.300035139112840170e+03 1.585979083114479636e+03 2.673901537934723819e+03 3.733666953947001275e+03 4.561300920797108120e+03
7.691233595696559860e+03 6.553853890882054657e+03 4.725530680579649015e+03 4.606431103581468051e+03 2.981874160434534588e+03 2.073510368446431585e+03 1.432936026623859107e+03 9.800228020784398950e+02 4.639465897998620108e+02 2.023263576096848624e+02 2.837409641188229159e+01 1.351644145519207107e+01 1.562776161961716070e+02 4.107456516341174506e+02 9.023855124938921790e+02 1.120082861780292887e+03 2.189217588225873897e+03 2.963208365355119895e+03 3.547822696191230534e+03 5.161710597546781173e+03
7.265654633754807037e+03 6.643022405142496609e+03 5.226346938634284925e+03 3.846597067892501855e+03 2.904153293881171976e+03 2.215312679109293640e+03 1.365915731229247740e+03 1.102906895142002668e+03 5.183638180020798245e+02 1.401009666123177055e+02 2.932075095082827332e+01 2.002525379343729739e+01 2.002809230247794403e+02 3.324441818877702417e+02 7.845896854564687146e+02 1.178749486365730263e+03 2.247213651735605254e+03 2.908377615383788452e+03 3.761533294326582563e+03 4.943329282818634056e+03
7.259785549749261918e+03 6.360913285914305561e+03 4.841804771350394731e+03 4.321202939722526935e+03 3.033978490352671088e+03 2.099070847777809377e+03 1.404820051887613090e+03 8.446627978568571962e+02 4.349730069760847755e+02 8.800546108733288975e+01 2.719994935870462527e+01 1.143505267234608702e+01 2.657435468750538234e+02 4.592240633234611664e+02 8.820670752538181887e+02 1.423391807039284686e+03 2.059548077232019750e+03 3.589868026089111936e+03 3.983936665576663472e+03 5.701938847267535493e+03
7.746698433967656456e+03 5.869114255444645096e+03 4.227808859547782049e+03 3.680907700181677228e+03 2.614675253264456387e+03 1.746980700740311477e+03 1.465842735086932635e+03 4.856470302552306748e+02 4.719620191497514838e+02 8.665439631433930856e+01 5.184348829617068333e+01 6.585455009611791866e+01 2.156025319681939720e+02 4.965046012111582172e+02 9.882140230969902177e+02 1.593479037126242247e+03 2.169125665205584028e+03 3.100902067697716120e+03 4.402908104519109656e+03 5.328450271543288181e+03
6.851550006329720418e+03 5.452644874511692251e+03 4.834194692117262093e+03 3.624902651188007894e+03 2.610794517391072077e+03 1.780992521477385708e+03 1.182095378220645671e+03 7.748762785140218057e+02 2.529874041670692009e+02 1.563547850014234939e+02 1.105919308302693160e+01 7.604917902372051230e+01 2.610686000929310353e+02 7.118236528602380986e+02 8.836627305131625008e+02 1.838669857808180041e+03 2.385879763367154737e+03 3.351387659414339851e+03 4.253582740795422978e+03 5.172933741714048665e+03
6.152884766083256181e+03 5.807188294475421571e+03 4.222889700961442941e+03 3.643704855373816827e+03 2.349323447859821044e+03 1.683855541943038361e+03 1.046714572846963392e+03 6.392161703805543311e+02 3.098390502680159102e+02 5.841376815630388109e+01 1.026183105932471840e+01 6.511159999310689273e+01 1.678193532425788987e+02 6.361385418288873552e+02 1.081691571957946735e+03 1.935295703823024724e+03 2.659895394993216996e+03 3.658529877836722335e+03 4.463366148716404496e+03 5.530866131370367839e+03
6.489841027447492706e+03 5.541832781524482016e+03 4.333683731151605571e+03 2.565625657247232539e+03 2.319924638711552234e+03 1.436762611434254268e+03 1.043724477748481377e+03 4.275353801499127258e+02 2.296604596755481396e+02 4.170038656415209033e+01 6.877118288454810546e+00 1.345904527529490053e+02 3.256416701454731424e+02 8.151456034245495630e+02 1.192354760634964805e+03 1.652082114774731735e+03 2.848272050837860206e+03 3.524247288248773657e+03 4.575964866348134819e+03 5.641102257743017617e+03
