2.443764468549439925e+02 1.812968937628582751e+02 8.176799526633642756e+01 1.271947702734044583e+02 8.131759997444895305e+01 7.311445394006698351e+00 1.802011328417638580e+01 2.070664929382438757e+01 2.132533298823293322e+01 3.911708754229167972e+00 1.087624988630712153e+01 1.718374462073504105e+01 7.069845841000082487e+01 7.139242502817728564e+01 1.275447299931455802e+02 2.249895567448668601e+02 2.867620852420170650e+02 3.913100283489786193e+02 4.064941857964189467e+02 3.854480126549102010e+02
3.301466277801323486e+02 1.938127181407843977e+02 1.735746548388680992e+02 1.340913020625622778e+02 7.920018750285811393e+01 3.941282200270009639e+01 3.504509134917748980e+01 1.783064060384231553e+01 6.375150629455572648e+00 3.905491084181300199e+00 2.079682160821989712e+01 4.158574343083276403e+01 5.901335047966468750e+01 1.060923639506208644e+02 1.015296381817521478e+02 1.455015683327101215e+02 1.581450291463256690e+02 2.129106876488972659e+02 2.148646296376635121e+02 4.249719393108210852e+02
2.703115661773034049e+02 2.169377317611388776e+02 1.720798234395517170e+02 2.182417479324539897e+02 1.376245766376429174e+02 4.047878797496301218e+01 5.750627594428861045e+01 1.025973559717539096e+01 4.550474236868094380e+00 3.899701368002668200e+00 3.984195964917858213e+00 4.004213569888736224e+00 2.908133793682815238e+01 1.189570130837062436e+02 6.058959262196870554e+01 8.512626472119418963e+01 2.644441110337775172e+02 1.947925084687853143e+02 2.768280286821386653e+02 3.910396866808949881e+02
2.826421011997488790e+02 1.464792332504561330e+02 8.400705250456076101e+01 9.382999384597015080e+01 5.343997863099640711e+01 3.889167074384962319e+01 2.944903203686824611e+01 2.752002927607092175e+01 1.101014104278905315e+01 5.216882768248201963e+00 1.136987148718878160e+01 9.576149950276706235e+00 8.957855638666903531e+01 5.319228336864123463e+01 1.206633676029068596e+02 2.318610010265651340e+02 2.649314824050539983e+02 2.590243943954554311e+02 2.893892842308883360e+02 4.289122924057335240e+02
2.363960192307651766e+02 1.681677955789841974e+02 1.587035540266302291e+02 6.488035067682926638e+01 8.328744464830388949e+01 2.349570453720597740e+01 9.871921588433544059e+01 4.251298312840062543e+00 5.049526724746160156e+00 8.133255583904915653e+00 2.408546219832263446e+01 4.107750332193220544e+01 1.015226082939565089e+02 5.428549308188123490e+01 1.167802194681811159e+02 1.940161139772498018e+02 2.203971137611737845e+02 2.296373183176193606e+02 3.465756945438287744e+02 3.306797834415903026e+02
2.715977488010095726e+02 2.339670717122538406e+02 1.436884392848484993e+02 9.696729582730775121e+01 5.532025329427821703e+01 4.099627059647469451e+01 9.572313504893921632e+00 6.220301749116524448e+00 8.048710063113373891e+00 1.423466676908672035e+01 1.620581270878817293e+01 1.229223999340812767e+01 5.039174986361199160e+01 6.212698263129059484e+01 8.973550597756241132e+01 9.767389097378102747e+01 2.198067206370729423e+02 2.620152003683722910e+02 4.414580502076901212e+02 3.431444613835724908e+02
2.524952102982371116e+02 1.972838861507916022e+02 8.829646224592484316e+01 1.387876577007239405e+02 7.593816038618862763e+01 7.189113872424992735e+01 6.111415321727584171e+00 1.127173182966035192e+01 9.845483537435944399e+00 6.011404952975910376e+00 2.994767621288207238e+01 3.935437472765338640e+01 5.730708222477621661e+01 7.753752277292593931e+01 1.421795636609138569e+02 1.869444465310087367e+02 2.349747814471467393e+02 2.367303054535814510e+02 4.338825740761837437e+02 6.262378154179825742e+02
2.025468949164233834e+02 1.184373110080003499e+02 8.679519422841512721e+01 1.144181819805020268e+02 9.815974656093398210e+01 2.258075741568898920e+01 1.610675064875133700e+01 3.601173578116497964e+00 5.401536906116224834e+00 9.067518682296304533e+00 2.964466071388176260e+01 1.865436503040934824e+01 8.406894750565521690e+01 6.870518438638168846e+01 1.247100793219304222e+02 1.611565778125524275e+02 1.906045269767098489e+02 2.068478454505157913e+02 3.904123203646871048e+02 4.635389716911367941e+02
1.878677180160675277e+02 1.174734273526421049e+02 1.654680769998103358e+02 4.808168901546169849e+01 2.567520560648266326e+01 2.975157372073558193e+01 1.223610786814482765e+01 1.932961208338817016e+01 4.325009580317810354e+00 1.113853097110687784e+01 3.651191138330742092e+01 9.230249092638621278e+01 6.761117340133810671e+01 7.898735169889198460e+01 9.055543206587742588e+01 1.622179512650300239e+02 2.121205160395610676e+02 3.880909958313106927e+02 3.847067293627957270e+02 4.571144441387940560e+02
2.049385308214709767e+02 1.167302517422577779e+02 1.630298942145490741e+02 9.670492053920857245e+01 5.359726225797497534e+01 3.252628834633902244e+01 1.795194743808970372e+01 5.440449859877139360e+00 5.483049588726222723e+00 2.149188212555664990e+01 7.493389581133049759e+00 2.607660557501381149e+01 5.674797769438848150e+01 1.230707126897835337e+02 1.555684995851950987e+02 2.001661680405297830e+02 1.465710072560860056e+02 3.062226560561135216e+02 3.161098117463497488e+02 4.545489698682217750e+02
1.336494547870996712e+02 8.838153996374695964e+01 7.891617879507224131e+01 6.981555877777304886e+01 3.751144381719710452e+01 2.789313222160363992e+01 6.139834994837042537e+00 5.767439864297239538e+00 1.448733971591898317e+01 1.315654424443798121e+01 3.761005958036779617e+01 5.785180845168092389e+01 5.129549486158532545e+01 1.675387346421200903e+02 1.789506101565712015e+02 2.277142107117055900e+02 5.113736125650906956e+02 2.910397861538883717e+02 4.827530207157742552e+02 6.216193422435806042e+02
1.797261305668007196e+02 1.321470395121504566e+02 7.738753699619695681e+01 5.688502956396979471e+01 4.496487179194561179e+01 1.165983593859742129e+01 2.125051598080288429e+01 1.775526742721988782e+01 8.654660636777368410e+00 3.498275785395979653e+01 7.159265789910219269e+01 4.933647206529062146e+01 1.295172383299776868e+02 1.444442055996449596e+02 1.413946991580842223e+02 2.105869928347711095e+02 2.173794511198708506e+02 2.942685162928252112e+02 4.440008641737872495e+02 5.258729312065386239e+02
1.429791004751128582e+02 7.072131753742345950e+01 3.801226351189533403e+01 7.293914721078209595e+01 1.885245358005257188e+01 6.490648048073142107e+00 6.765657755413449159e+00 1.036412657549156080e+01 1.968859524247419657e+01 2.819984601022441595e+01 4.200165241575332686e+01 6.434502895383948839e+01 1.364534065841417032e+02 1.037679382471299618e+02 3.434164395913240355e+02 2.623867626193885485e+02 3.491926751273651917e+02 3.374320050576136509e+02 4.824900348962009389e+02 4.708859508868412718e+02
1.432040755077155723e+02 6.808204376212155751e+01 2.137688903091451920e+01 3.769334712378008589e+01 1.903054892650520102e+01 5.323449559180382984e+00 5.114180166994929166e+00 1.954818815883425742e+01 1.808328841215788785e+01 9.315474937845357317e+01 5.851146973896715764e+01 1.219404721370092801e+02 1.576667939420492530e+02 2.448998661078582870e+02 2.788155742136195840e+02 3.425901756999931536e+02 3.748988953953690384e+02 5.862213826099679181e+02 3.809557536162513429e+02 5.597806119077183666e+02
1.431441479045126357e+02 9.686606415403016968e+01 5.922426045596446187e+01 5.704626647368463921e+00 1.976140093765857841e+01 6.345707636863324730e+00 8.941893726755928640e+00 1.631077375087582837e+01 1.796051142837966452e+01 4.289082487293599399e+01 1.018073017707884134e+02 9.395877485852166444e+01 1.327013930316448977e+02 1.828473068579382357e+02 2.490495197946329426e+02 2.760452715665437040e+02 4.852469568633231916e+02 4.132463329250342667e+02 7.276543969070918365e+02 6.422389895681565122e+02
7.850910203153871691e+01 5.161989235164522682e+01 2.180930836145785889e+01 1.466891874373328086e+01 1.146821873620073973e+01 6.317595888493469758e+00 1.352953232582589038e+01 4.374448545027446045e+01 6.859887213691345664e+01 3.715790143996805739e+01 7.621350217470069310e+01 1.836633530729944255e+02 2.291659222367008226e+02 2.063325049230166996e+02 2.886764563641716563e+02 3.404667400156459394e+02 5.623413828702435922e+02 6.050541034479576865e+02 6.292208227795982793e+02 8.493879291392481719e+02
4.592072785830808357e+01 3.830971520269721253e+01 1.485905187550283024e+01 6.571667922856400779e+00 1.817796872999952029e+01 6.816002800059752786e+00 1.586250006607700413e+01 1.540165892670227876e+01 3.580304481270651706e+01 8.912886082381038477e+01 1.239985149132349136e+02 1.500370407153950509e+02 2.548605025426804218e+02 3.376459987761905950e+02 3.783679587149488839e+02 4.145492771224744502e+02 5.099442759532420268e+02 6.810756734279276543e+02 6.486286099386405795e+02 9.013101993402453900e+02
9.994331533312232807e+01 9.336988921272908470e+00 3.507989630044269802e+01 5.349248518875185709e+00 1.251377775595707753e+01 6.474937798205177231e+00 5.390838008171321150e+01 3.015274765727767559e+01 9.769392653542880112e+01 2.054475238364973109e+02 1.799499816155755525e+02 2.071240951246453506e+02 2.187033918645599329e+02 3.162335783249636165e+02 4.647072486358542278e+02 6.225101772454679576e+02 6.014268044927779329e+02 5.822255115447170510e+02 7.514528026404541379e+02 8.732871699715041132e+02
2.858798565413466619e+01 8.400308461098655144e+00 8.938534320299570624e+00 8.293195214517204761e+00 6.448310343903624897e+00 3.174513105773828769e+01 2.011269744890168809e+01 1.078936861122980702e+02 1.068883328412115929e+02 1.579672535200984953e+02 1.651153608604604699e+02 3.248580272346143829e+02 2.188585825679574555e+02 4.068705687120660741e+02 4.321004764850691799e+02 6.080027957487570802e+02 6.008880875406947553e+02 7.678742165525623022e+02 6.764112955546283956e+02 9.172217600723399755e+02
1.951990439952102108e+01 8.585650261284998308e+00 1.006620432821526734e+01 8.358970690903012368e+00 1.911206241494981128e+01 7.732108376275846240e+01 9.925609777668124423e+01 7.087058629803628662e+01 1.226103867007818167e+02 1.623795984249966011e+02 1.597771199472600756e+02 2.486663285594086403e+02 2.242628298359856558e+02 2.966916598866174581e+02 4.738121072330980610e+02 5.400729973444751977e+02 8.101455394413474096e+02 9.443865254895802082e+02 9.847980554856526396e+02 1.000663055117507156e+03
