1.930746424842488906e+01 3.278270784928691484e+01 1.710664357536306923e+01 2.357382074908021963e+01 1.477829779350972217e+01 1.507946054005202186e+01 2.134893313311088292e+01 6.194185416989802739e+00 1.144765587614513258e+01 8.984842590573425269e+00 5.151201248987800518e+00 3.749645300472022491e+00 3.487244658933920327e+00 3.938851888653617905e+00 5.435050523902737574e+00 1.110917382281441412e+01 2.111986053654027273e+01 3.729488445754705594e+01 4.747857157092909830e+01 6.480763353715803987e+01
1.382927498113592257e+01 1.930039680367446309e+01 1.779550553345638164e+01 1.640923332069214879e+01 2.308885724784702376e+01 1.399634603102999364e+01 1.264452709104179107e+01 8.770537635688985034e+00 9.468452923728412074e+00 1.776195398782938639e+01 4.594344886176018328e+00 3.443494018641184873e+00 3.636709449133866734e+00 6.600468851049813956e+00 1.548124099643375118e+01 1.254289104552010414e+01 1.503252109058693797e+01 3.081857977978750895e+01 6.002083200355303916e+01 8.369810460666026586e+01
6.541021700580576415e+00 8.300067509131384469e+00 2.660132958528933145e+01 6.642162775253928508e+00 1.561780236883768858e+01 1.176877255822921775e+01 6.400263296186206041e+00 4.634099908813307245e+00 4.615537227205797066e+00 4.502127402883951746e+00 5.288025016166699288e+00 4.669481615772014038e+00 6.404619609613867226e+00 4.844234261174826806e+00 1.665286245288346123e+01 2.869938631501215198e+01 3.392900185194033469e+01 5.071934333822284202e+01 5.171043834539930373e+01 9.103527385011788908e+01
1.076120675376674463e+01 6.461646980546499108e+00 5.115849358721649587e+00 1.233351251232249091e+01 4.570846828749806079e+00 7.042075062571431232e+00 4.306739931052531389e+00 6.056326675864498910e+00 3.720515433931070426e+00 6.393226166200093097e+00 4.110776042493220039e+00 3.458594781472478452e+00 8.315702278386762458e+00 1.092075967201235365e+01 7.628048419437172711e+00 3.036588939895342776e+01 3.007073065771754727e+01 5.099701003288598145e+01 5.569125451161842477e+01 7.910414903318843471e+01
8.858243606503627632e+00 6.425960635845955338e+00 7.622585145790883310e+00 5.508293113215900760e+00 3.230298318138184577e+00 5.208341621595638848e+00 3.392184418352755415e+00 3.672406444122259028e+00 4.452033802602006318e+00 3.456226065291195582e+00 4.380800941557444261e+00 9.607104813511952557e+00 1.826767933925850329e+01 1.601957816104161481e+01 2.974491591009317659e+01 3.974188430750098888e+01 5.595161983011250584e+01 4.238102712073166600e+01 1.124408187805960040e+02 1.520430359123928099e+02
3.555091256333486438e+00 4.730551173636774465e+00 3.393137118605283220e+00 6.667440117534876087e+00 6.433119213126833102e+00 4.954201620330456635e+00 3.956647468871717699e+00 6.205754539610119913e+00 3.634190061461656462e+00 6.367183678826600968e+00 6.622440927976877667e+00 6.909053403743889987e+00 1.740567065878868291e+01 1.979271893908120106e+01 3.918072798891115838e+01 4.463602530715663619e+01 7.878732196588238423e+01 8.550320573012795933e+01 1.270239764891436920e+02 1.256705192527499690e+02
3.165783564747839396e+00 4.205807113800229757e+00 6.273059079695303630e+00 3.555705014529917385e+00 3.068981867570188982e+00 3.242247411987207784e+00 3.267433978967194896e+00 4.463784026754605172e+00 9.103705758016584326e+00 5.074932778426251900e+00 9.135063501050849410e+00 1.968306907636491232e+01 1.817552673233027249e+01 1.121651008272834993e+01 3.287532847355120680e+01 3.390070448626652677e+01 9.328294427163471880e+01 8.063494211321442151e+01 1.097134852786640522e+02 1.288655200969772636e+02
3.079549187611586802e+00 4.824546466508447651e+00 2.928689489570392990e+00 3.250676243695451717e+00 3.996760357654085105e+00 6.438549584444019480e+00 3.589046925861057336e+00 6.335874241569607435e+00 3.361673181174587910e+00 1.171967908088948995e+01 7.594859012812683829e+00 1.508903015502404443e+01 2.442663989656254842e+01 2.013584487080519025e+01 3.045837234586580422e+01 6.824246950703023629e+01 8.679141954074472665e+01 7.474531195996200950e+01 1.436076283131347395e+02 1.401248552759553547e+02
5.378529119344993781e+00 4.582815403173160718e+00 8.010887249280578715e+00 3.076260853261144401e+00 7.065328466574804622e+00 3.893383229603153417e+00 5.225168200111141026e+00 7.368338424181605006e+00 7.449775750445007283e+00 1.015721590510345429e+01 1.918612475948333085e+01 2.313129510977904957e+01 3.422280320642727247e+01 3.861732167606672306e+01 4.204009328587295613e+01 5.801499548914378579e+01 9.263491845633757293e+01 8.303433544077381612e+01 1.399034798472522141e+02 1.526200814553584451e+02
3.561444197043075910e+00 5.930562981885564078e+00 5.575088996040631351e+00 6.765253117786041770e+00 3.707700442925797812e+00 1.027702592204763299e+01 8.315959214454197834e+00 1.277364097703763157e+01 8.385614186760104616e+00 6.286601942042296720e+00 2.007853584473094699e+01 1.754071271639394780e+01 3.212423245854589737e+01 3.893907275826283154e+01 6.196522322647466297e+01 8.913995641089441335e+01 7.150819581114598122e+01 1.208507533436775958e+02 1.333347293665147788e+02 1.256557954504873749e+02
4.517463967076521314e+00 8.425280810755907623e+00 4.575254634243862917e+00 4.356407278872429067e+00 7.163713878654953682e+00 6.974458795941352207e+00 4.250970424070868781e+00 7.136239782331927906e+00 2.075162228316750657e+01 2.065202448378988009e+01 2.494114246649092337e+01 2.516739226558565790e+01 3.307211945533126141e+01 4.084987686413740704e+01 5.706266402277625360e+01 7.518321830081910662e+01 1.434451917159964864e+02 1.326704569140161141e+02 1.290588078945571056e+02 2.000563865475161265e+02
1.169719635654382905e+01 9.284537624477396278e+00 7.680382733343718904e+00 6.558909499092655082e+00 1.644178812261905520e+01 1.136779354925671370e+01 8.058415667363838963e+00 7.253539347407683913e+00 2.912788961456561054e+01 3.984728489419930497e+01 4.130479312531204528e+01 4.489971050775628925e+01 5.763819081770940755e+01 6.955538959780430730e+01 7.809179703617230928e+01 7.855978840073021274e+01 7.727685283410401951e+01 9.515931257399084586e+01 1.348671164836548542e+02 1.755782296875929376e+02
8.374986807838881830e+00 1.145685580231886291e+01 6.582001149387735062e+00 7.908874453859685794e+00 1.353471285265563928e+01 1.558120793094418843e+01 1.227135934922386085e+01 1.734533416054535238e+01 1.626914849518497519e+01 2.208444355692413907e+01 3.104910979823447192e+01 4.348577887328770686e+01 4.241213927702060715e+01 8.660013448368741251e+01 9.526183978339734892e+01 6.430735238289888400e+01 8.055730529324893041e+01 1.452710788353915348e+02 1.829546165182806874e+02 1.952573124013475478e+02
1.906867355641636763e+01 7.747573816321968287e+00 1.554630667888132756e+01 2.172788919474370317e+01 1.318257743294745410e+01 1.049572443927678478e+01 2.599944697426814599e+01 2.942580737759868015e+01 4.941846276958320061e+01 4.479310495358031829e+01 3.509633673370262130e+01 2.773605530425745513e+01 4.613891158339590959e+01 6.852483365134743565e+01 5.789738644483919217e+01 1.413663387562408502e+02 1.039499362214340863e+02 1.624001728038497845e+02 1.789585070766893864e+02 2.108558936441812648e+02
1.316987653382097712e+01 1.529630919317247084e+01 1.816052862317460637e+01 8.768530590473233133e+00 9.534257304192678362e+00 1.994112698878467427e+01 1.209361939004031683e+01 1.574808148482043002e+01 2.669771366976026172e+01 3.206837412808620513e+01 5.816243724131405912e+01 5.637141343652632486e+01 4.713845871737894555e+01 9.149880482359293410e+01 8.510932002762073978e+01 1.123419885496396375e+02 1.372349042509977721e+02 1.730633192277799992e+02 2.111682755565124694e+02 2.180126662790377168e+02
8.099501738960142916e+00 1.683298887965063173e+01 6.730545682513358940e+00 9.052266373907336572e+00 2.125956577388400248e+01 1.356472102564548265e+01 1.301241442065094667e+01 1.370761450780728374e+01 2.215795176345681128e+01 3.185648182673780582e+01 5.096391863283240298e+01 4.127507440254655080e+01 4.653203622977623866e+01 8.045027441341932217e+01 7.036449046716255395e+01 1.141720636636104302e+02 1.160721681163326053e+02 1.923118427700970301e+02 1.708137372040528987e+02 2.849896928890806294e+02
1.191942652591428775e+01 1.495547897708769192e+01 1.131149310974057265e+01 2.349420232126982100e+01 2.389333096347686336e+01 1.730867416332720765e+01 2.002505174826796974e+01 3.608828832863255798e+01 1.988803625752917625e+01 3.926717945320930880e+01 3.297372466790811529e+01 4.466632973799782036e+01 6.519823752052867860e+01 1.057939536286521189e+02 7.244677190233436193e+01 1.091522996314922977e+02 1.595879605382039017e+02 1.538626514517569319e+02 2.429378564912160812e+02 2.186400831575696486e+02
1.421648101892264471e+01 1.681622883447181493e+01 9.160529327395611432e+00 1.523471738458436775e+01 2.522270034636249747e+01 3.865661177732880560e+01 2.003741494880058482e+01 3.064056176689684463e+01 3.070550210110438272e+01 4.154934645435466933e+01 6.184027573595322735e+01 8.224255145096719843e+01 7.056339599721152922e+01 1.139431625552481648e+02 1.091789908013149812e+02 1.353197354573371172e+02 1.430986012365603415e+02 1.998356123565274629e+02 2.516539169753451688e+02 3.075932485157138103e+02
1.474911353121017044e+01 3.186466957735499861e+01 1.084549388914750168e+01 2.087250327024818120e+01 2.574192441837210765e+01 3.830346395877660370e+01 3.966490781503816265e+01 2.486820496933381719e+01 3.485192285883802299e+01 5.621963805783996548e+01 4.539050109403820699e+01 6.360142822644402116e+01 5.030806861017871512e+01 5.866132042950363257e+01 9.987879181961878317e+01 1.146780449046799220e+02 1.311739537854234641e+02 1.896011825521160006e+02 2.144386436669507816e+02 2.358288255533129245e+02
1.530231413794516193e+01 3.575736688670644270e+01 1.711859921297532594e+01 3.259205011695011933e+01 1.778262515419625700e+01 3.297346809857219796e+01 2.306926963443086720e+01 4.454639061533612221e+01 4.134391210234520742e+01 4.648561010867668131e+01 6.115869960633370539e+01 7.791060516841433525e+01 6.974124119148744683e+01 1.037230048735868309e+02 1.031965953295850653e+02 1.470913429993046293e+02 1.921635521642500066e+02 2.101900235371007284e+02 2.297839375993892759e+02 2.439719281922424443e+02
