4.871266379353900447e+03 3.310426286044647895e+03 1.733939761175571675e+03 8.449259214365293928e+02 2.797389855272504633e+02 1.133923948295198443e+02 2.900075463914398810e+01 4.957938573292266256e+02 1.049539098665145957e+03 1.900226894030466610e+03 3.790534840923391130e+03 5.016297255343897632e+03 7.829435579621747820e+03 9.714735437022498445e+03 1.245068807890042262e+04 1.560055333924670049e+04 1.953892554865613420e+04 2.358724275078195205e+04 2.819077828100075931e+04 3.107499465103208786e+04
4.558184466829495250e+03 3.391416700020311055e+03 1.797742666875139093e+03 1.025586451544786769e+03 3.056251837189898879e+02 3.568474197412027138e+01 9.379785730731731519e+01 6.442234298331870832e+02 1.104626298899841913e+03 2.140940253602017037e+03 3.790492547888485205e+03 5.306439679415020692e+03 7.635939037638093396e+03 9.801647365051958332e+03 1.284649096099861890e+04 1.676037293817497266e+04 1.916608014278557312e+04 2.352579912569722001e+04 2.742373734252472059e+04 3.191262427446040238e+04
4.639485213218876197e+03 2.747511270478897586e+03 1.885222547740517939e+03 8.437141873592688626e+02 2.677678691243223739e+02 5.909729335263423167e+01 7.514671309349243700e+01 5.127449256217623770e+02 1.249937942713233269e+03 1.900165551621436407e+03 3.942140566166460758e+03 5.213603344943567208e+03 7.674420651304350031e+03 9.845191444025171222e+03 1.270630762190030691e+04 1.587139932621905609e+04 1.983066283259733609e+04 2.326883561974659096e+04 2.743032508637010324e+04 3.230674993392671604e+04
4.394875929752644879e+03 2.861814214426033232e+03 2.481724071343874584e+03 8.931370002857169084e+02 2.573781581655520654e+02 3.271220141471822274e+00 1.836689103204534135e+01 4.010947309408888373e+02 1.152903412345869583e+03 2.355083924497760108e+03 4.073740976265628888e+03 5.219341489395533245e+03 7.321150765964005586e+03 9.821366674287941350e+03 1.267023986746391529e+04 1.647154755627002669e+04 1.961717578948497248e+04 2.381498703179735821e+04 2.802305352564327040e+04 3.213440912525655585e+04
4.790469338408255680e+03 3.175895882729197183e+03 1.700644857215242837e+03 9.014825271317539546e+02 4.332142022603867986e+02 6.606295869160531353e+00 1.384842306991065755e+02 5.010250800665781981e+02 1.084692536303525912e+03 2.291414125432788296e+03 3.982357762465576343e+03 5.954317757994418571e+03 7.730508346637256182e+03 1.068379338403447946e+04 1.301470537052133295e+04 1.540123117298419493e+04 1.944943701701256578e+04 2.295864013889198031e+04 2.752308728342484028e+04 3.233548786603843473e+04
5.266797448464782065e+03 2.768409956089669777e+03 1.817997538236957098e+03 7.787162935362639473e+02 2.503252234681058894e+02 4.506356024315730480e+01 3.117286480802484050e+01 5.645901269653327290e+02 1.084656550323524698e+03 2.563187715036220197e+03 3.512484701294774368e+03 5.568774409611431111e+03 7.734019525139977304e+03 9.884829472306131720e+03 1.196883139533313624e+04 1.552557053151888067e+04 2.007352998762493735e+04 2.309822115186305382e+04 2.685693578750648157e+04 3.198399436434420932e+04
4.008595027651917462e+03 2.851037041031196622e+03 1.675958997601476540e+03 9.001970009301542177e+02 2.421771120916599216e+02 1.576147253529357251e+01 1.121520426861025470e+02 5.788979268061293624e+02 1.304089377514764465e+03 2.109467634037356220e+03 3.967164488185534083e+03 5.124341835504215851e+03 7.733991218407699307e+03 9.694884511816428130e+03 1.242377083214520644e+04 1.677578161916578756e+04 2.012457189121176634e+04 2.218341058694312596e+04 2.712633124267238964e+04 3.297152035323353630e+04
4.525646132007496817e+03 3.202917224621397963e+03 1.689052720622009701e+03 1.052459903721314049e+03 2.384346688127327525e+02 1.798934383579008767e+01 5.206794910254481579e+01 5.071913507625141051e+02 9.969304608486510233e+02 2.395893245478432618e+03 4.228274881687782909e+03 5.344217787322121694e+03 7.393093409426433936e+03 9.667312642589626194e+03 1.315647848958654322e+04 1.615981093713600603e+04 1.878575150350924741e+04 2.294645386010112634e+04 2.739045415454139584e+04 3.244342834683154069e+04
4.187769583883371524e+03 3.139844600164848089e+03 1.933969768920088200e+03 8.894217882751443085e+02 3.925277261810497862e+02 3.764701018058744353e+01 6.282292237032908133e+01 3.969819580120945943e+02 1.309833453861695943e+03 2.520780121834115562e+03 3.687581158765768123e+03 5.643595514108577845e+03 7.656744001347581616e+03 9.904690251406940661e+03 1.289624307526213124e+04 1.550059139133952340e+04 1.908294324832463099e+04 2.368544461818495984e+04 2.778244316371300374e+04 3.344528400911300560e+04
4.528287471068500054e+03 2.895999999557535830e+03 1.783995564510939403e+03 1.038203554173029488e+03 2.414628207568584344e+02 1.588550868615477896e+01 1.498211622617927503e+02 3.424694261823882471e+02 1.363902288469846781e+03 2.255089381528682679e+03 3.493471855185676759e+03 5.259747551942858991e+03 7.928618296909275159e+03 1.001245219799381630e+04 1.274226053877779304e+04 1.565031939766962387e+04 1.968998476221015881e+04 2.428632231660706384e+04 2.753629420986660625e+04 3.066019685212445984e+04
4.354998546746785905e+03 3.030962212662986531e+03 1.900666648466471543e+03 8.609816419051539924e+02 2.190510034858580468e+02 2.795133909916487269e+01 1.034166414105347940e+02 4.138282640172381548e+02 1.255376249700467042e+03 2.129626991083189296e+03 3.586279901102692293e+03 5.512136496906353386e+03 7.434362462066165790e+03 1.036772544873046354e+04 1.233470848875764023e+04 1.611913704280023012e+04 1.956666930316251091e+04 2.339086504051199154e+04 2.700783994402437384e+04 3.239297704654616973e+04
3.965565220270007558e+03 3.004579609102675022e+03 1.376312928625455015e+03 7.875265970462720588e+02 2.340562844756449010e+02 2.502215034942352645e+00 8.822308514071558250e+01 3.589101710359895492e+02 1.084536411869189806e+03 2.366558595511309250e+03 3.240551292711862970e+03 5.810028858312094599e+03 7.562526266804370607e+03 1.043705628098075249e+04 1.314724428164145866e+04 1.733460835998881157e+04 2.038064149002136764e+04 2.337862756183115562e+04 2.808994133532348496e+04 3.174828491917975771e+04
4.471887697338870566e+03 2.676410157107720806e+03 1.602959517292057399e+03 6.856099836062874147e+02 2.617021492836177572e+02 1.838262255685261692e+01 9.276273153313643149e+01 4.605560887081308579e+02 1.210465229925679978e+03 2.170421551683807138e+03 3.750942027468859123e+03 5.426340668972597086e+03 7.455055223975827175e+03 1.010062906124656001e+04 1.290527906494738454e+04 1.483065692992448930e+04 1.996027581005825414e+04 2.367308974705795845e+04 2.838568049450176841e+04 3.292789861361023941e+04
4.674727405946958243e+03 2.491448877727447325e+03 1.391118773784250379e+03 6.292427179591746835e+02 1.910226894701432911e+02 5.096676086696942320e+01 2.443538621935929456e+01 5.787750816518745296e+02 9.917970133499620715e+02 2.565083735700517082e+03 3.807474651798398099e+03 5.072843167369566800e+03 8.292344599896752698e+03 1.086631928256546962e+04 1.316558332126370078e+04 1.603287766392028971e+04 1.904424297425783152e+04 2.358087128002654936e+04 2.750307259140978931e+04 3.289886823165680107e+04
4.579477671745153202e+03 2.645431454915676568e+03 1.552123980301641495e+03 7.454780573263983570e+02 2.084949510072216015e+02 1.870888253701576787e+01 9.464683995269608374e+01 4.252414495313338421e+02 1.534244236163634923e+03 2.140685332521497912e+03 3.946922219195034813e+03 5.184530030190270736e+03 7.479236129080851242e+03 9.561345754882227993e+03 1.359118624035410539e+04 1.651764360164544269e+04 2.005643089970714209e+04 2.327474075499852188e+04 2.834523967779977465e+04 3.292788525840065995e+04
4.320658896437194016e+03 2.692977229157852435e+03 1.620606729756909090e+03 8.203661797931077899e+02 3.390093189059581960e+02 2.222575726185109701e+01 4.666368228021737252e+01 4.927958789203884749e+02 1.245428199395823640e+03 2.228512178484575543e+03 3.550383994621423426e+03 5.364616846004590116e+03 7.541643845512943699e+03 9.541770732786922963e+03 1.332669409301115047e+04 1.605316322983982718e+04 1.954422932192997177e+04 2.326864639542686564e+04 2.744340782101097284e+04 3.115238727767041928e+04
4.223916441924860919e+03 3.063981363919179785e+03 1.574232847095982606e+03 1.100881540805205304e+03 3.287533646765081130e+02 1.287792496103678985e+01 5.933020751314364105e+01 6.089421237898963000e+02 1.343219480831328610e+03 2.435082744248060408e+03 3.919314572688371754e+03 5.132809595823548989e+03 7.362088184848872515e+03 1.018520294064916015e+04 1.270159672783050155e+04 1.684825458247273855e+04 1.950511829749733079e+04 2.439236568064821768e+04 2.760929972994674972e+04 3.171975818378277836e+04
4.135987214436328031e+03 2.740913173966463546e+03 1.607706040877990972e+03 8.203302191590250914e+02 2.590671010042997864e+02 3.421503971820469303e+01 1.673069429388825711e+02 6.188221635718018661e+02 1.295301360549772198e+03 2.217186100956094378e+03 3.753362870101913359e+03 5.755237884382722768e+03 7.293596629488378312e+03 1.014891814065634935e+04 1.328977070305710185e+04 1.681196767446704689e+04 1.954424469553872405e+04 2.383953387417654085e+04 2.671933437433470681e+04 3.295690534513019520e+04
4.133425836792055634e+03 2.926067890241864916e+03 1.525414438245203655e+03 6.730498491529094736e+02 3.179922546464042057e+02 2.544036429589162651e+01 8.928870937238765748e+01 4.418263781135191834e+02 1.248229973477308022e+03 2.013081182809134134e+03 3.612578097138631620e+03 5.843553029837896247e+03 7.776114167025962161e+03 9.297204269559480963e+03 1.281001110508123020e+04 1.568529594730680583e+04 1.948275207218171636e+04 2.369152883034588740e+04 2.764918972952088006e+04 3.205544463725290188e+04
4.049018587486211800e+03 2.874377706876035973e+03 1.594912688637404244e+03 5.868342607518582099e+02 3.613815205855921704e+02 1.072312722925254569e+01 1.406111069858714018e+02 5.662916009162097453e+02 1.044011465159290083e+03 2.393791231708554733e+03 3.861935263490991929e+03 5.871097996534923368e+03 7.362042301068679080e+03 9.888664635347671720e+03 1.256671293502066146e+04 1.562024127756802227e+04 1.925453092065317469e+04 2.346427354240882778e+04 2.719875644877765080e+04 3.154901201437177224e+04
