1.363315581664913680e+03 1.296259568811294912e+03 8.777946967061452597e+02 1.016701920096930849e+03 9.392345291323931633e+02 6.880616883971529205e+02 5.708769374992826897e+02 4.127990438873396783e+02 2.417413872685974638e+02 3.219300455816245403e+02 2.542971218567554956e+02 8.939255089615494398e+01 4.235205009695430078e+01 6.256809803549448645e+01 3.031143031475055949e+01 1.596408165079759556e+01 4.188260824597120902e+00 9.836594020509114245e+00 2.957268439747950595e+01 7.211599172062048524e+01
1.392933372986659151e+03 1.317897692026567483e+03 1.016657721254453008e+03 1.187733820620682991e+03 1.005243019563527469e+03 7.123151714662362792e+02 4.535062226922409536e+02 3.414884062274738881e+02 3.312590716800054906e+02 2.349274499335267024e+02 1.295465923482823314e+02 4.129822259818224239e+01 7.327028472787385738e+01 4.705563759875256835e+01 4.771873125595341492e+00 2.898003461652399970e+00 1.563440929253244072e+00 1.239998276869466487e+01 3.212937190762568918e+01 5.247853078406448191e+01
1.558728422177865241e+03 1.364692392021996739e+03 1.137274893090572277e+03 8.600451453158098047e+02 5.988136232312222091e+02 6.578930158459500035e+02 4.568849153589487742e+02 4.483502209712184481e+02 3.563936780116469549e+02 1.804423704885711857e+02 1.276875495928839683e+02 2.829614049940670384e+02 1.232271282949900950e+02 1.439035779691686656e+01 1.411010283663511444e+01 1.864019443408311494e+00 1.648438427216317725e+00 1.304515123123172948e+01 5.103088784218442697e+01 1.256896111555500255e+02
1.595220690375503409e+03 1.276063288068785141e+03 8.824088412409565763e+02 8.448327355521922755e+02 7.261910763215886391e+02 6.354731961486407954e+02 4.183679413118034631e+02 5.140207663761561889e+02 3.034541862421577889e+02 3.146803517781777941e+02 1.734646717682448980e+02 9.117595677873461568e+01 4.484484317986847657e+01 1.175309511918866967e+01 3.996243739305111120e+01 5.325891209413425642e+00 1.506692771856540158e+00 2.088514048509829735e+01 7.303689575084111141e+01 6.260585569961295960e+01
1.351367920486045250e+03 1.392847305322559350e+03 8.966921556720257058e+02 1.066890231528438107e+03 7.005183332094466095e+02 7.478178104958865333e+02 6.588637283262586379e+02 5.977589353078515160e+02 2.497311560558438543e+02 2.063908615185424082e+02 1.201157566875649394e+02 1.590581668879357835e+02 7.420445769922426393e+01 4.914564995044817408e+01 1.668478225539965276e+00 1.946582716553403536e+00 1.261443927779296592e+00 8.346688049545702981e+00 8.982717674523843243e+01 7.541973681541811914e+01
1.428857267230784146e+03 9.439642392169190543e+02 9.724081165949160095e+02 8.435909708294401526e+02 7.631977908187228650e+02 5.303791427674011629e+02 4.696647660756628397e+02 3.957699432927742009e+02 4.257055209470959767e+02 2.359945319756993456e+02 2.573248229730825187e+02 1.052851237896342269e+02 1.008735050467751506e+02 4.090956286847754342e+01 7.516116736645904517e+00 2.043830551109824256e+00 7.378921075513468431e+00 1.037431160743770064e+01 1.282843478931908408e+02 1.388845618287760715e+02
1.439409594628964442e+03 1.030575272962185181e+03 9.377832517366213096e+02 8.906472890598247432e+02 8.023155326210404610e+02 4.339709778938640738e+02 3.957550849223567866e+02 4.314742782389067202e+02 2.522045201819242379e+02 2.477928698624650963e+02 2.173582045916559764e+02 8.623040513559898557e+01 1.399631394726446665e+01 2.720874973833399935e+01 6.716045148166824674e+01 2.379588760058553021e+00 7.176114939824628891e+00 3.425987123501781895e+01 1.832608517195801880e+02 4.952290289669804935e+01
1.457657657799591561e+03 1.153394413607309616e+03 1.011413892284038866e+03 9.146369391070340953e+02 1.026706858442803878e+03 6.065202838952387765e+02 4.364694560906186780e+02 3.195600319182802309e+02 3.532498545908036931e+02 2.566139624121416887e+02 2.028881898917595379e+02 7.448598439291660611e+01 8.219497275701482408e+01 2.884095608536686584e+01 3.986379295465880546e+01 3.818441288554407897e+00 3.238469476967980931e+00 8.130175681402273824e+01 3.876168659971594366e+01 7.813137936419660434e+01
1.285951235911575168e+03 1.265936097105287672e+03 1.079860146331974192e+03 7.708546830813938868e+02 6.825386310131887058e+02 6.074730590703403550e+02 4.174177059687738165e+02 3.768889618320848740e+02 3.223903534704988942e+02 3.546831887990933296e+02 1.152441983805946535e+02 5.863940010846100392e+01 9.068798474102582929e+01 2.593293574432519222e+01 3.421001621078286092e+00 1.134787472565960353e+00 7.126433400120363082e+00 3.631909976799862960e+01 9.318241037792577686e+01 1.416439626552192408e+02
1.327836134205215103e+03 1.220790063946880309e+03 9.848054709720736355e+02 7.520723207460242747e+02 7.642144185804645531e+02 7.931998837123496742e+02 6.203211326424791423e+02 3.420277310058716580e+02 2.977820387118236454e+02 2.178743326723977134e+02 1.447138705633219047e+02 6.454313486048020820e+01 7.305613733907850360e+01 1.173499998981076331e+01 1.309424227576078792e+01 1.280151106992474030e+00 6.719918024709670590e+00 6.278988848080810925e+01 1.411546724979101555e+02 3.468091744634019591e+01
1.194366849068040210e+03 1.217996547832658280e+03 9.291831762154412218e+02 1.034334221779597556e+03 9.748189890310982264e+02 5.715449731099607789e+02 3.822638507032908706e+02 3.159387145674894555e+02 2.045216138908603227e+02 1.208443025611783384e+02 1.614582316461494997e+02 7.683370567017806252e+01 5.127332562935206539e+01 2.899135479984538577e+00 1.447703523367419587e+00 1.622534689467363123e+00 6.245120924038874932e+01 6.955236536350686549e+01 1.947101316781286755e+02 5.843437743957121455e+01
1.246033103915540551e+03 9.986325682183658046e+02 1.240410653184583225e+03 7.864342906923886858e+02 7.586480974628040030e+02 6.679554970512308500e+02 4.231428062228537215e+02 3.259359762281912367e+02 2.963590089005161872e+02 1.549293833448400619e+02 1.691231277474525996e+02 1.823416416004033920e+02 8.542162275907624291e+01 1.208254876196526872e+01 1.392417968963218344e+00 7.616680291698060046e+00 1.273503647974684627e+00 1.241705762850407666e+02 7.805796681324871145e+01 1.571694615918007969e+02
1.137029452232619860e+03 1.107601621642085775e+03 9.242442433656175353e+02 7.864010606693408363e+02 7.400255203748637314e+02 5.753286944141245840e+02 5.460045982208462192e+02 3.201741164594058660e+02 2.956512704973532664e+02 1.500002978424251978e+02 1.043462504768216093e+02 7.066384444952605293e+01 4.896934429981192949e+01 6.052722762316023797e+00 5.889543345899904914e+00 2.936047574492018697e+00 3.532424702493841551e+01 4.041401869487560816e+01 2.325376792584761176e+01 1.354804291352049859e+02
1.226348399245221799e+03 1.044622180137725991e+03 8.597671077597747171e+02 8.762933051033525089e+02 7.356690274283714643e+02 5.413364431081081420e+02 4.609058374777689551e+02 4.068316981768245455e+02 1.893682138323493689e+02 2.533281575973524014e+02 7.924106610951643859e+01 5.150453586629470948e+01 3.588051407488215006e+01 4.896486501893183174e+01 6.289430538054002540e+01 9.633001988474422461e+00 1.004498541980024306e+01 2.992270856778213783e+01 3.033774197229157465e+01 5.570699729093821873e+01
1.160045411685949148e+03 1.494420907574707826e+03 8.941105240445511981e+02 7.487369532808133954e+02 7.173498268603160568e+02 6.658580853966941504e+02 3.419355253738188480e+02 6.063873625714527407e+02 2.231587477749758648e+02 1.644475814886806688e+02 1.130264384844156211e+02 1.199196256299605636e+02 6.540575521739737042e+01 4.465423590486422789e+00 8.006993028462787265e+00 5.331674497974100646e+00 1.677759766704971067e+00 1.034275410897285319e+01 5.573005719725314577e+01 2.099633589309387389e+02
1.107501390058269180e+03 8.192070358548444347e+02 1.134270172687152353e+03 6.162558348347711217e+02 7.400157173838658764e+02 5.302205720220352987e+02 4.548724382931000605e+02 4.557587090659101250e+02 2.622906404658626798e+02 1.143002629213570884e+02 8.392343290123976374e+01 1.306195497547915920e+02 1.278867135047576511e+02 5.672840427740692348e+01 4.156604515229627594e+00 1.148059331972205221e+00 5.451931801311090453e+01 2.066706817690662490e+01 4.745382784165433065e+01 1.448915693348289437e+02
1.303099045394965515e+03 1.071894837151225829e+03 1.015071574638558900e+03 7.729610324908730945e+02 6.202398606579218949e+02 5.762318082327254842e+02 5.762654522833967121e+02 4.067895077920177869e+02 2.501481706769226605e+02 1.904547247207678424e+02 1.055440330765355270e+02 1.168737684298358488e+02 5.855037354030752539e+01 7.269507778763061978e+00 2.972224787596397189e+00 1.797951310295259786e+00 4.071643606656605741e+00 1.762222113930536693e+01 7.147513400603021694e+01 1.210029216860611996e+02
1.430168042381547821e+03 9.474097747394054068e+02 9.290862163654776396e+02 6.122564479983328738e+02 5.347947937203830406e+02 5.092487781671946436e+02 3.674903215664371601e+02 2.901394549763597865e+02 2.249263242300397110e+02 3.031866444798316138e+02 1.518986730533171681e+02 1.030779972920182530e+02 2.542377808113967319e+01 1.311188649004860096e+01 2.182317296953591423e+01 3.663500300431825618e+00 2.494822871562231015e+01 8.118669940814390884e+01 6.204377617444271209e+01 2.312704356110344293e+02
9.960284065760996555e+02 1.227687243457208524e+03 8.952355270967236720e+02 6.939448683901273398e+02 6.433177647053739747e+02 6.122744503004760190e+02 4.404813838769374570e+02 2.494619610837016523e+02 4.043764922311019063e+02 1.389177280164785770e+02 1.417498672505732884e+02 9.906088335608303908e+01 6.744760821078100044e+00 2.464255477959015650e+01 1.575212445721578192e+01 1.174816361390752739e+01 4.527556723118200210e+01 3.481688843442874060e+01 1.223582631335145621e+01 8.553704167240142908e+01
9.266033598447448867e+02 1.124857400587698748e+03 1.025289908110428087e+03 7.530466199567977128e+02 8.123270030477402770e+02 5.994786115148685894e+02 3.666979934759327193e+02 3.115898486359654953e+02 1.795641698245053988e+02 2.726884586908453798e+02 1.176933165155732439e+02 7.920127417827870886e+01 9.827315471972222838e+01 2.126623473696965760e+01 8.612554337588793629e+00 1.052926949989144934e+00 9.937548507979705903e+00 2.245414517772996632e+01 1.106037475471583598e+01 9.458566896784518008e+01
