1.005295316251468876e+03 8.861061443521037972e+02 9.465330628761827256e+02 1.078734137935639410e+03 7.732299546114633131e+02 8.494306782917805094e+02 1.082585972073888342e+03 6.587656041758598349e+02 9.122052173896156546e+02 8.941752008793101822e+02 9.352619826063310029e+02 9.315627163669147421e+02 7.674585099405182973e+02 8.988945604508430733e+02 8.330420048364360355e+02 8.330060166460123128e+02 8.503983190117694448e+02 6.981623545049455970e+02 9.797105290243943045e+02 8.329618303985653256e+02
1.009093771732496293e+03 7.209002172641884272e+02 1.089283371414472413e+03 1.057789332827528142e+03 8.471326599373874160e+02 1.057726541707815386e+03 1.025463791387149740e+03 6.628739720362041226e+02 6.404294190993983875e+02 7.521102291236680912e+02 9.872999977148012931e+02 6.505183092334859793e+02 7.498611205794888974e+02 8.318783848695417191e+02 7.596965683936765572e+02 6.887147322046116642e+02 8.387637760219853362e+02 8.329897892710079077e+02 7.140620465245416426e+02 8.892465032964220200e+02
1.041091038497878799e+03 7.911996266554324393e+02 8.577014414747867477e+02 8.378884423356162188e+02 8.436109922308369278e+02 7.576806121694767171e+02 7.046995212222547025e+02 9.038364974694468401e+02 8.102030207058293172e+02 7.977424464293467281e+02 1.022816905997343952e+03 5.535117751289483294e+02 7.163101403961504730e+02 8.574500601476586326e+02 8.738657361659962817e+02 7.987571900444297626e+02 7.541935037551348842e+02 7.762765896470000371e+02 8.445360507318239343e+02 8.940546547531516808e+02
8.707240780073153701e+02 8.777755358977167361e+02 8.718063271904280782e+02 7.261685149114949809e+02 7.776500042355913820e+02 7.609735692611774311e+02 7.753895527440369051e+02 6.253651378773404304e+02 8.447000383001623049e+02 7.335411619735031081e+02 6.909269555775319986e+02 7.238323030206706790e+02 7.281154598615246414e+02 7.785492491517334201e+02 1.039433142472453710e+03 9.998407693990340022e+02 7.141248068086206331e+02 8.009917090940136859e+02 9.511169096068616682e+02 6.678725866832812699e+02
9.149097560685189592e+02 7.766539436498106852e+02 7.721418964770211915e+02 8.576295950684148011e+02 7.566004192965756374e+02 4.482327382630153920e+02 6.016445106932246745e+02 6.253442710579064396e+02 8.354436311230821275e+02 7.909702412797472562e+02 8.598212037024497931e+02 5.563164439187162316e+02 9.037379515214372532e+02 4.852117798688158246e+02 7.194899550299215889e+02 9.822209273243581720e+02 6.044004600549403676e+02 6.865953196418412290e+02 5.791173656164816066e+02 5.965376510852524916e+02
7.091821542658161661e+02 7.144560669715650647e+02 6.395819077026206969e+02 6.973847107592550856e+02 8.137433780998499060e+02 9.147144468583344405e+02 6.075193532042427478e+02 5.773250400776399829e+02 1.118311172322306675e+03 7.943295642912862604e+02 7.411391829223784953e+02 5.734276432544610316e+02 7.259216599677725981e+02 5.174032184662360123e+02 8.703493965157603043e+02 7.270327923866949504e+02 6.382736354535173859e+02 7.291269823551000400e+02 5.506033623869997200e+02 6.981360372554371452e+02
8.531277116848048081e+02 6.682302224740664087e+02 5.755740193945480314e+02 7.588562120970403839e+02 4.517136697913829266e+02 6.164485518336898622e+02 6.435032630573724646e+02 8.669461613067453527e+02 4.704255020987563967e+02 5.348797583257922952e+02 5.830435188439726062e+02 6.783300452158040343e+02 6.887718058953115587e+02 6.044338478970865935e+02 5.724042790054562602e+02 3.884633573176847108e+02 5.020477079869671684e+02 5.829816605849691769e+02 6.014407816346259779e+02 6.772000916643453365e+02
6.911790845673564263e+02 7.370856180419897328e+02 4.934233596208426320e+02 5.267610967423158854e+02 6.364726727141302263e+02 6.764006259882764880e+02 8.045467695536515293e+02 5.507732469093974714e+02 6.597800766137760320e+02 4.721543829469046045e+02 3.310044313030184071e+02 6.262715799604538915e+02 7.238419007460729517e+02 5.029934290471572353e+02 3.987906546909679832e+02 5.609991498673902015e+02 5.412829056240628915e+02 3.530969085624615218e+02 4.573991318475498247e+02 5.839155555465740690e+02
7.789369912444816464e+02 5.259356918140382504e+02 6.466948196780933813e+02 5.094829374363232546e+02 7.776558306282612421e+02 8.011985906553856012e+02 5.368365116011254941e+02 7.314648107979073757e+02 4.870665299622805833e+02 6.794180413383530777e+02 7.774763312191315663e+02 6.556248193121872418e+02 4.782367314722098399e+02 7.152308073591481161e+02 4.583135366707667799e+02 5.119515504112433177e+02 4.075965780731730206e+02 5.074387204960333406e+02 5.637943893431693141e+02 4.540258295724876803e+02
5.324128592587196636e+02 4.611878920537072304e+02 5.415918784058039819e+02 6.984521574592607749e+02 5.461872618326782458e+02 5.313091148608964431e+02 4.968442380198234218e+02 5.763939290975005179e+02 4.141911334148059609e+02 4.133633957220848743e+02 4.558029269459950115e+02 6.454219322238117229e+02 4.455802490451472977e+02 4.347059522599124080e+02 5.525394743385897982e+02 3.924252265501881425e+02 4.263462143492869245e+02 6.855621715077198814e+02 4.140558694798506281e+02 4.363030137346455604e+02
5.988830974924463817e+02 5.068768927784815332e+02 5.140377678134764210e+02 5.387730354407492541e+02 4.399038567130671140e+02 5.574097370584272539e+02 5.349656557210125811e+02 5.012843933694890097e+02 3.846663339035777085e+02 4.870563437117688181e+02 4.414210131518812545e+02 2.936143199729496587e+02 3.980247069961851594e+02 4.472772945295553768e+02 3.869144307732634616e+02 4.896106181348021664e+02 3.360591584766282267e+02 7.897288736786892969e+02 4.755288472834279787e+02 4.156908487125039073e+02
6.376360292242794685e+02 4.846292802410419540e+02 5.268173821474983924e+02 4.457770531704928203e+02 3.958232197341068286e+02 5.022394583601787303e+02 3.167223132768543223e+02 5.266445695224964538e+02 3.145556403936349739e+02 5.441816661247434013e+02 4.490116854557036845e+02 4.914079241948766139e+02 4.447494647184894916e+02 5.128831875600920966e+02 3.144570545234693668e+02 4.860751149403044451e+02 3.545916225471761436e+02 4.379567849429410558e+02 4.263653239333857528e+02 2.073070488942840370e+02
3.999434694045942820e+02 4.193054625168883263e+02 4.373991001282589082e+02 2.972287862452026275e+02 2.992502630046304262e+02 3.406485080314087668e+02 4.037159998898782760e+02 5.321574312125545703e+02 3.180805107027205736e+02 4.600944378123572278e+02 3.768107733900253606e+02 4.695204167266470563e+02 5.056735986339133433e+02 3.368093860258029508e+02 3.561434844507080584e+02 4.472498633626398714e+02 2.820314796161231357e+02 3.493372923260974403e+02 4.124171820341738339e+02 4.480456737398997120e+02
4.698484989161227645e+02 3.872038574173022880e+02 6.671429814497262214e+02 5.194633310461859992e+02 3.730880094438371088e+02 4.809933924088933850e+02 3.989487446303419915e+02 4.977179174064404492e+02 3.941028065642844922e+02 3.339372470529095835e+02 2.656211259414311598e+02 2.881626308118143811e+02 3.259171580441891365e+02 4.489635000703816559e+02 2.840943923400990911e+02 3.767591306007737444e+02 3.682809884011214763e+02 3.821898890425705986e+02 3.411421795837713375e+02 3.094948722894803836e+02
4.383634366579658490e+02 5.068389231868844718e+02 4.070514615269851788e+02 4.474740823468981148e+02 4.619102112875397097e+02 3.443275191086687528e+02 2.126991101670014075e+02 3.089314039512896670e+02 1.640340267966972760e+02 3.420369712703127902e+02 1.728054959921898330e+02 1.910574256586480146e+02 4.173871342066936450e+02 2.780759490191441046e+02 4.198028999688759768e+02 2.629488241368961212e+02 2.213409989271570737e+02 3.576076600797140372e+02 2.236974986405320180e+02 3.031833353109782365e+02
4.350189741887791683e+02 2.837168607836692900e+02 4.127390146522388363e+02 2.703300843275134184e+02 5.267386683414621302e+02 4.508130116491425952e+02 2.403027346362194123e+02 2.950210941218254561e+02 2.611160371047559465e+02 2.365310680158998196e+02 4.447809235779163259e+02 2.780895377388088150e+02 2.420410002975243060e+02 2.495076436868947667e+02 2.445167203723748628e+02 3.187163575261196797e+02 1.943154923822618798e+02 2.976644496127591424e+02 3.287712723329764231e+02 4.083774228003941857e+02
3.276686343395818994e+02 3.571666518252626474e+02 2.151284193238076625e+02 2.472285318854547427e+02 2.876306394982227062e+02 3.413907007459567353e+02 3.075452200169684147e+02 2.636799353976606426e+02 2.875208903862165926e+02 2.045560267385939994e+02 3.354012821785134975e+02 2.445387596432528028e+02 2.814001676034078514e+02 2.527216941785078461e+02 2.401481214018743913e+02 1.743055107108671677e+02 2.514113506305204453e+02 1.915456514925128602e+02 3.720899481089708729e+02 1.779806689438161413e+02
3.497086706045345181e+02 2.979756976774811505e+02 3.055517495958752647e+02 1.890442338028477423e+02 2.087049366422409662e+02 2.748914355002343086e+02 3.761452028248555735e+02 3.061342240002935569e+02 2.427220783315081007e+02 2.286216140608239868e+02 1.451644631619472534e+02 1.588970919783161548e+02 2.383250723272783773e+02 2.370898644752132611e+02 3.172797067311201999e+02 2.142770107466224374e+02 1.654566555181388878e+02 2.267099819753721590e+02 2.345956035286503720e+02 1.993307971740549931e+02
2.844116406455065658e+02 3.601863497737736566e+02 2.618899419190744311e+02 4.151223653771215822e+02 1.744902861543247923e+02 3.160528162991440126e+02 2.384334810417168455e+02 2.040332533706545348e+02 2.794713652146436402e+02 3.869652776280573789e+02 2.584974373295506211e+02 2.489365214410086082e+02 2.340399853651040019e+02 1.422502350388175785e+02 2.990635353164838079e+02 1.417672166611550608e+02 2.413716832886591988e+02 2.488738192333160271e+02 1.608636657325836836e+02 1.407995520663424998e+02
3.342270034434353079e+02 4.654711254122225341e+02 2.897660566566601688e+02 3.182173488939189951e+02 2.174003707459525003e+02 2.484331473560163488e+02 1.933811344875493319e+02 2.034528089473870125e+02 2.034166787566738606e+02 1.839830745744091587e+02 2.114261520429003554e+02 2.102726781252970909e+02 1.696187180307768188e+02 1.589055177504278618e+02 1.403917836902464842e+02 2.921837422607600274e+02 1.398544303775437641e+02 1.278708134402423866e+02 2.733863212802131670e+02 1.806535622660195486e+02
