5.545727410414371661e+03 3.882658386173129202e+03 3.191326357305286820e+03 1.489615120452979681e+03 6.300916017179367827e+02 1.054276163001101025e+02 1.496767614428585746e+00 7.829425257699206497e+01 7.470791558982321021e+02 1.611849622416579905e+03 2.796835155634966668e+03 4.430694003000624434e+03 5.904799102160453913e+03 8.686555408379101209e+03 1.105890431891992557e+04 1.337746642607363901e+04 1.712973941409585314e+04 2.099613992150193371e+04 2.572184615053765083e+04 3.042940638178258087e+04
5.719845396659334256e+03 3.522586758049498258e+03 2.816661964139983411e+03 1.864035307048153300e+03 7.862314813371987157e+02 2.583001063009494942e+02 2.286836793966714687e+00 1.249361039986522570e+02 6.966211372770002299e+02 1.487509353559293231e+03 2.591364450754675545e+03 4.589153617879032936e+03 6.349287880386511461e+03 9.193266165254639418e+03 1.072494804798528639e+04 1.466539969376259432e+04 1.690536519762887110e+04 2.242219096100344541e+04 2.565773951688506713e+04 2.896813066041504499e+04
5.647531729794224702e+03 3.837939144786232646e+03 2.555590505591386318e+03 1.670759152058264362e+03 5.561613284336667675e+02 2.326600660217301879e+02 5.124635200824563697e+00 1.879385690358656689e+02 7.416329904902772796e+02 1.461418527645544600e+03 2.496557775215909260e+03 4.233280704466354109e+03 6.301566754916798345e+03 8.336022978469702139e+03 1.136808211774147094e+04 1.443862914312610337e+04 1.826837694475562967e+04 2.097876492618366683e+04 2.501469657543305584e+04 2.976324643886572085e+04
5.176814795409116414e+03 3.690712685326645897e+03 2.678323359051978969e+03 1.049584309426330492e+03 5.163749687403075086e+02 1.947750342727120199e+02 8.604536138814642854e+00 2.587071139622814826e+02 8.756672322785477718e+02 1.397919881992046840e+03 2.910065443168617549e+03 4.364390067644660121e+03 6.859518248137847877e+03 8.753783398631119780e+03 1.195985343535564061e+04 1.496725841335629229e+04 1.691057159867766313e+04 2.077646890567433002e+04 2.512870352721286690e+04 2.784237095897100153e+04
5.456753469251139904e+03 3.815686954426849297e+03 2.091568648208188279e+03 1.373148824340815281e+03 6.875341198414023438e+02 1.607743657719514943e+02 1.787082755579382720e+01 3.049278449645523210e+02 9.103120417515895042e+02 1.618272092466133245e+03 3.179224785180269009e+03 4.758685923514736714e+03 6.538720097527842881e+03 8.694018066280523271e+03 1.138940996112839457e+04 1.530186919930841395e+04 1.786515798302268013e+04 2.255415456925961553e+04 2.555533092303455487e+04 3.087059258800680254e+04
4.625429443897248348e+03 3.365358928559041033e+03 2.141267293020765464e+03 8.843931433058876337e+02 6.513661840523704996e+02 9.276221135085192770e+01 3.333927427554846901e+01 2.823557207056884408e+02 7.993410302768464817e+02 2.032804856739012621e+03 3.007971984847868043e+03 4.209901265015830177e+03 6.525797013639152283e+03 8.896580344508045528e+03 1.199051050118158128e+04 1.487932020401061709e+04 1.849613815625220013e+04 2.236832387617084532e+04 2.556812287746161019e+04 3.063209134337181968e+04
4.584702908015827234e+03 3.218503284931761300e+03 2.119104144582997378e+03 1.049593426637535003e+03 3.552339780574068300e+02 2.302920418928167834e+01 9.172847981481583091e+00 4.055655016678362585e+02 8.756708455446788548e+02 1.901560581227396824e+03 3.512243158818359916e+03 4.761438687543308333e+03 6.833055185444823110e+03 8.825033858824017443e+03 1.179420560045416096e+04 1.488908690443055093e+04 1.760415034181242299e+04 2.150929273524295786e+04 2.675196298022435076e+04 3.099721922812993944e+04
5.082309963325706121e+03 2.844323447513690553e+03 2.263242100469608886e+03 9.808273127196245014e+02 3.286248421032707370e+02 1.025990522270105600e+02 3.588972551168098590e+01 1.863150108859120166e+02 8.875312327783117325e+02 1.587855382325230721e+03 3.827139185739851200e+03 5.132725334576798559e+03 7.520708762467857923e+03 9.078587870587465659e+03 1.177684269984457205e+04 1.450118490823058892e+04 1.826297610196189271e+04 2.197522416930599502e+04 2.688297728606954843e+04 3.102540006534596250e+04
4.726614142030582116e+03 3.126160502867947343e+03 1.956678707741941707e+03 1.100751412540269257e+03 4.454308162175313441e+02 2.304073712949884722e+01 4.630928918760328372e+01 3.678766437453032836e+02 1.013197801106127940e+03 1.863386662766629570e+03 3.714169168204412927e+03 4.869696038352538380e+03 7.221967208527391449e+03 9.274005693818931832e+03 1.218840784127112238e+04 1.509968173944954651e+04 1.908281310200663938e+04 2.245216104817379528e+04 2.612759635376775623e+04 3.233532614418377125e+04
4.133314922134998596e+03 3.527360193214700757e+03 1.730102384805604288e+03 9.621426760653138217e+02 5.037564538982368276e+02 5.311235881570176076e+01 2.772387963794313492e+01 2.355092555099592460e+02 1.088355099105791624e+03 1.927812088723645502e+03 3.588502111156601131e+03 4.681751692722755251e+03 6.859524283138534884e+03 9.312561600559563885e+03 1.192925728026227080e+04 1.467994913442551479e+04 1.838751596207335388e+04 2.309804089886684233e+04 2.752953486882231664e+04 3.088464239415877819e+04
3.870227392911797324e+03 2.997806621474567692e+03 1.651213616539015220e+03 1.030305426365027870e+03 4.693688921225135573e+02 1.570451675502573607e+01 9.417559895326388641e+01 5.380483797096351282e+02 1.043963885149576299e+03 1.892843846973693871e+03 3.493313664550933481e+03 5.084120696774290082e+03 7.106848792114853495e+03 8.851365410037446054e+03 1.146639100307382614e+04 1.592660949014562175e+04 1.832248091535517597e+04 2.316495888460589049e+04 2.780231448052773339e+04 3.104653633427805471e+04
3.867715357384088293e+03 3.202638873630465696e+03 1.731781892632299559e+03 1.007302198923595142e+03 2.654019190150667669e+02 1.521752261922544491e+01 9.963873608490686706e+01 3.320292680797189178e+02 1.156662321565887851e+03 2.528633288443638321e+03 3.390088913983404382e+03 5.303167863832211879e+03 7.372288382960421586e+03 9.351189852258901738e+03 1.226802234167486495e+04 1.582079663717140829e+04 1.872535058463220776e+04 2.279508373982918783e+04 2.567696464168729290e+04 3.096201865016885495e+04
3.606130316734722328e+03 2.904406161807929948e+03 1.846799281100323469e+03 1.262832013984473178e+03 3.315764289915293830e+02 4.242298111697139440e+00 5.013636953181331535e+01 2.776904533707231622e+02 7.514673670581371425e+02 1.968400910178309232e+03 3.824675605245966835e+03 4.772506019627303431e+03 6.899330063747711392e+03 1.034316928119883960e+04 1.220607877421430385e+04 1.488421117250313364e+04 1.874724617291661707e+04 2.363609444235158662e+04 2.661475849069555261e+04 3.127955602242611712e+04
3.651949681485994006e+03 2.755452005571813515e+03 1.460439324957713779e+03 8.122307742068047673e+02 2.792333858708025218e+02 7.906421467944123371e+00 8.112298913725419425e+01 3.959809833303822870e+02 1.053044155760807826e+03 2.518590728057772139e+03 3.822196812911868165e+03 5.402682970589269644e+03 7.269628303641390630e+03 1.040019287158587031e+04 1.271957908885169309e+04 1.581575552041420269e+04 1.845267551895511133e+04 2.307981730778241763e+04 2.737712110112256050e+04 3.255868755321940262e+04
3.444699300589704308e+03 2.863580009473050268e+03 1.411931262982583576e+03 6.646886157198343881e+02 2.557528430087798483e+02 4.375987390036629066e+00 1.040738783406572310e+02 6.137968570525382574e+02 9.903984997827431016e+02 2.127649439326206902e+03 4.065809738098964772e+03 5.797703285591077474e+03 7.716218416726074793e+03 1.051061428677323966e+04 1.273761150227240432e+04 1.657417682415821764e+04 1.902760478973219870e+04 2.284342521287613272e+04 2.894090382523594599e+04 3.242170067932547681e+04
3.077127228289633877e+03 2.433728942203694714e+03 1.183140379555029313e+03 7.606883277961774183e+02 1.273207163825333197e+02 8.003823904924630028e+00 8.622921880844219800e+01 6.367885575578012549e+02 1.222851399075911559e+03 2.092738201647711321e+03 3.807392273490768730e+03 5.764269757407741054e+03 7.150772076741427554e+03 1.037167750486469595e+04 1.291882089461471878e+04 1.663085890135111185e+04 2.019253866504302277e+04 2.295238564583239349e+04 2.786238192963540496e+04 3.264536288420242272e+04
3.825589954356518319e+03 2.761773811654983547e+03 1.489624478574405202e+03 7.065453083355683930e+02 1.612943774656607161e+02 2.903471825757915958e+00 1.307876442062665490e+02 3.991844894269723341e+02 1.265165109072598170e+03 2.347012445138423118e+03 4.065819801563871806e+03 5.476427439273267737e+03 7.751377596892529255e+03 9.533879734901580377e+03 1.269252632431137681e+04 1.599231886136154753e+04 2.048921298116119578e+04 2.321978192731956005e+04 2.692235315110076044e+04 3.103949096346180522e+04
3.800875320735970945e+03 2.491292677994244968e+03 1.498899147501518200e+03 7.247088561201773018e+02 1.567425300241978334e+02 5.609038824739807083e+00 6.843595910289278095e+01 7.125327145414253209e+02 1.427973062747506219e+03 2.343156509504367477e+03 3.842016920784367812e+03 5.230627751674136562e+03 7.531135595708698929e+03 1.062989001859399650e+04 1.288249491562703952e+04 1.645594744780450128e+04 1.863786517020028987e+04 2.525567066083375539e+04 2.675851889584026503e+04 3.235691470605107315e+04
2.887140692026906891e+03 2.069679676028658832e+03 1.572552488389719883e+03 6.032808361051165775e+02 1.552609678618142937e+02 5.680413885243090100e+00 2.098918155878222080e+02 7.757724240045135957e+02 1.751185558252692090e+03 2.202061643330126117e+03 4.020040798003553391e+03 5.864909702865943473e+03 8.994925675281023359e+03 1.076225700502930158e+04 1.290521995191942369e+04 1.669798805410122077e+04 2.020961152529398896e+04 2.444230422004652428e+04 2.769572510770970985e+04 3.255146163644890839e+04
2.900077102345174353e+03 2.418009828771126649e+03 1.342209083227898191e+03 5.915849889166487401e+02 1.552567030275542663e+02 9.778726566327650138e-01 2.367292327481671634e+02 8.197924447049610990e+02 1.537268762410042200e+03 2.710800675486071214e+03 4.060724016256744108e+03 6.222446506095448967e+03 7.642606125530364807e+03 1.035539517684865132e+04 1.360045191983078985e+04 1.652271076096493198e+04 1.935453075396862187e+04 2.372227306618071452e+04 2.923425506569587378e+04 3.193380150564726500e+04
