2.013690810253679274e+03 1.886540092924253258e+03 1.596415303205936198e+03 1.217783201830809503e+03 1.323233414192822011e+03 1.327597048837826151e+03 1.014918090301058669e+03 6.564538791753656142e+02 8.042663457004887277e+02 6.121562879842838356e+02 6.023125181771426924e+02 4.930131925133873096e+02 4.581648144088372874e+02 2.765860048985900903e+02 2.719508369612558454e+02 2.819158989818047303e+02 3.692309954450259113e+01 9.818073364835686334e+01 1.854962265890353379e+01 2.793240041817604435e+00
1.465023857665768219e+03 1.440651345423152861e+03 1.224753928138851734e+03 1.294281103279225363e+03 1.336349253734624199e+03 1.150380527986711513e+03 1.057399552737967042e+03 7.054637188736064672e+02 6.300959072979756002e+02 7.075945301069015159e+02 5.935240076856414362e+02 3.689355228110158009e+02 2.043601681195734443e+02 1.632976552964529446e+02 1.350698222453008839e+02 2.037606437904906898e+02 2.673080520935145543e+01 6.917663211478506469e+01 8.094124581655050221e+00 5.748495237570504202e+01
1.675669219821176966e+03 1.664216187363834251e+03 1.379072269607703220e+03 1.302956420480642237e+03 1.170808626425912053e+03 9.808303104734264934e+02 1.147664204688068821e+03 9.387310563869567659e+02 7.322800654188403087e+02 5.118561792860575679e+02 3.805113539560845766e+02 3.051755303728662057e+02 2.130116589565287200e+02 3.122238469709907349e+02 1.478481955876245308e+02 5.164738411809615570e+01 8.087333591322581583e+01 2.734015641223075832e+01 5.689683905197496472e+01 4.294892453115863162e+01
2.013699212666823314e+03 1.638216768007434439e+03 1.583675393988181895e+03 1.370205114467580870e+03 1.096814369504736760e+03 9.522661370865905610e+02 7.728588238123410292e+02 7.290095470051624034e+02 5.954627096068512628e+02 4.082847704101440627e+02 3.820924152187382106e+02 2.996144818610101765e+02 2.852949890741798527e+02 2.153401746943788453e+02 1.037803051402428736e+02 6.146986640836428961e+01 3.622056559185455171e+01 9.237593044465953085e+01 5.455984896350646984e+00 6.330284751025581969e+00
1.625307551656195756e+03 1.307278155867191799e+03 1.484996824367994805e+03 1.165326712201476766e+03 8.749348393569116524e+02 8.386737072604405512e+02 5.761238106663103054e+02 4.771956398184236718e+02 5.896315716339391884e+02 5.091277892398849190e+02 4.090800733650714278e+02 2.563829329095670460e+02 2.071995996481952034e+02 1.914527174872759758e+02 1.184878097247642756e+02 5.869347214729795326e+01 4.012477999484371338e+01 3.621732433348638835e+01 2.226748644189636650e+01 2.180095597975001454e+01
1.641479548384365899e+03 1.705285559813582267e+03 1.577308227341974316e+03 1.288579101631451067e+03 9.522349960504230921e+02 8.963514033494797104e+02 6.677729586762701501e+02 4.386918522426336722e+02 3.589734931673595497e+02 4.270609333337588964e+02 3.552339189565680044e+02 2.224237384435807314e+02 1.313860204615819498e+02 2.254257051707576807e+02 1.108353620780412712e+02 4.425388836161810246e+01 1.628409903676291393e+01 9.774048338551587278e+00 1.140108300819311182e+01 1.740778126140611448e+01
1.488103178478223526e+03 1.359855572024665662e+03 1.376137824719519585e+03 1.244441302257660482e+03 7.343901755898305055e+02 8.820487072982094787e+02 5.439528745768325280e+02 5.001540419043478778e+02 4.445979531288188014e+02 3.037728140235290084e+02 3.689334199023094811e+02 1.567247365850117546e+02 1.848653957084539741e+02 2.563721901819365598e+02 5.902006062079026094e+01 4.883897655998799081e+01 1.923408791897045944e+01 1.695752896905771800e+00 1.271182512549632770e+00 1.199944543017252663e+01
1.383560304230377596e+03 1.292855659147595588e+03 1.285681050849795383e+03 1.172182063605317808e+03 8.351683625710893466e+02 8.386732397645490664e+02 6.970196939473030397e+02 6.043080307261767530e+02 4.471240139772481257e+02 2.284219074780873200e+02 4.754510509600916635e+02 1.648370911962551304e+02 2.106752067271831947e+02 1.116605729193967136e+02 3.765514401165099656e+01 2.140248362642838131e+00 1.941840914967511722e+01 2.156073454985688365e+00 7.328195044932488855e+00 2.074607809278786519e+01
1.468077923733016860e+03 1.260035362174734246e+03 1.173567000841658455e+03 8.110834332823382056e+02 7.172028282258502259e+02 7.086754834290452436e+02 7.496820076173285088e+02 6.003698459360116431e+02 4.229614832595108851e+02 2.165309961423897676e+02 1.778888909705975152e+02 1.689624105325671337e+02 1.731296488091563219e+02 4.320028047260476001e+01 7.050065335174106451e+01 3.588512561008636581e+00 5.755861246746336590e+00 1.366111971848523732e+00 9.736893059014652962e+00 2.352513361359036992e+01
1.181787640231143769e+03 1.191425122971237897e+03 8.236703044720087519e+02 1.181815360191667878e+03 8.317238710920852327e+02 5.337742727104202913e+02 4.650297419820605569e+02 3.589930847115522852e+02 4.270815397859657310e+02 3.171693406922728968e+02 1.268796865417919122e+02 1.309445512026205733e+02 1.091385026652629193e+02 1.250959932039340572e+02 1.359358200026176000e+01 1.475736610351668432e+01 2.579888474990405633e+00 5.188299784124062342e+00 4.284569057649953550e+01 3.264004850577084227e+01
9.783213356216443799e+02 1.052226724469282317e+03 8.939504813898631710e+02 9.671233653860185768e+02 9.119901507482250054e+02 6.677741448345580011e+02 5.589870565500411885e+02 7.873627649101753150e+02 4.590521348403071329e+02 1.658744218362572838e+02 2.194660366156468854e+02 9.663274464667347274e+01 3.549247877769477810e+01 6.087353694852862418e+01 5.337376142110947796e+01 1.057233810463678036e+00 8.491271747855540397e+00 8.945111750188569077e-01 1.383656366061818410e+01 1.339560089985258458e+02
9.497757396651875297e+02 1.652864499961840920e+03 1.029005000624114700e+03 8.421287197161851736e+02 1.043171124324167067e+03 5.561311795439549996e+02 3.860010877999486638e+02 2.338975899986540128e+02 3.590084670966442673e+02 2.153745065013776525e+02 2.003756506134728568e+02 1.215340335224883006e+02 7.911624616310383828e+01 5.838600415129808852e+01 9.631534505830509074e-01 4.673359316420033771e+00 2.574724415149901446e+01 2.952781491545918513e+00 3.903808809521848389e+01 3.129883543183327532e+01
1.486518828598357914e+03 1.526892890893666163e+03 7.896136673994966486e+02 7.033617794640574630e+02 8.328595098587710481e+02 6.885896872320463444e+02 5.136709764026816174e+02 4.099063262006924901e+02 3.079888703884837469e+02 2.602549922981905297e+02 1.684710064695534868e+02 2.141983980535072760e+02 1.303826874772994771e+01 5.689792546084393621e+01 1.595065363218062915e+00 1.098022580938146753e+00 6.475315038317634553e+00 3.700020747524131792e+00 4.387516247038080053e+01 6.514564041847810927e+01
1.103391600513344429e+03 7.706158904813230492e+02 6.938468040867057880e+02 9.277643911269213959e+02 7.817621466648848809e+02 6.281181566485905705e+02 3.867761268529487211e+02 4.010648936530641890e+02 3.366599620645771438e+02 1.854274502278283023e+02 8.123798590812226905e+01 9.275388754346094800e+01 3.528731936905883515e+01 5.601677081485845378e+01 1.728107233143115096e+01 1.620238439095326166e+00 1.214778475340550479e+01 6.968964720683153757e+01 9.763062066174549614e+01 7.755421363345061536e+01
1.295762761955205178e+03 1.043147536797826433e+03 6.938591680026537460e+02 7.828923876761922429e+02 6.472654387983401421e+02 3.891498956284665951e+02 5.945137977839124233e+02 3.720209230579079644e+02 2.302247839560727130e+02 1.459448720900283547e+02 1.360285776090413776e+02 1.159368282270514641e+02 1.291496338690781158e+02 2.193610395724925777e+00 3.523025811216704106e+00 8.171614776105187161e+00 7.072337912881560840e+01 2.091595783539992937e+01 4.985355171138345298e+01 1.372213419454051575e+02
9.921570635161949667e+02 1.161274647114871186e+03 1.164002824178303626e+03 5.935487337170418414e+02 5.337684441229200729e+02 6.791928355343009116e+02 4.797985075230207030e+02 2.314476105263593411e+02 2.551323886549704412e+02 1.527810089560459517e+02 1.282279159393993666e+02 9.545911124234321221e+01 4.062484192386079940e+01 3.480311532767071725e+01 1.301333347466318013e+00 4.309248983997180460e+01 2.313878436483969736e+01 9.390164679581326723e+00 1.183148812616078516e+02 1.428843286981744427e+02
1.185915130982562687e+03 8.225109765585879131e+02 1.146341344359383584e+03 6.311299920984199616e+02 5.374655215893011473e+02 3.923322358898114430e+02 1.779134122864322194e+02 2.873458838578899872e+02 1.684470203617822222e+02 7.321360867851795717e+01 6.655329366393984003e+01 1.116552958310473542e+02 3.369348414645045864e+01 1.181467261397345681e+01 1.508523804396023671e+01 5.897012976709241627e+00 3.755090829757151738e+01 1.625912799697377693e+02 6.197682076141963847e+01 2.180445731007547465e+02
1.066536370935552441e+03 1.122102447507212446e+03 7.496959009076837219e+02 6.422176822063413510e+02 5.984033500293866155e+02 2.819484190073566765e+02 3.243373255580308978e+02 1.843340179016722686e+02 3.100899179648039308e+02 1.233030044458009087e+02 5.280047347822471693e+01 6.025675386011757695e+01 4.830402363461407589e+01 1.177222249919140484e+00 1.210698888454420530e+00 6.012821939574843100e+01 6.072554355403761406e+01 1.195992054993193108e+02 2.911053932912312234e+02 2.233928106695430245e+02
9.959326633497711327e+02 9.375146095769895283e+02 1.096780700370565683e+03 6.677975664699855542e+02 4.488079985598770349e+02 4.479611825844034456e+02 2.314528105440734009e+02 2.792739771141507390e+02 2.212713627609498417e+02 1.407051609575534599e+02 4.506298524409713480e+01 4.637542690917981503e+01 1.275313309638291592e+01 1.937761726909617011e+01 1.199670710600831924e+01 1.593900814738844396e+01 2.666594439892016055e+01 1.069025525526335940e+02 1.012092227898901626e+02 8.473453644133735452e+01
1.103433159783267683e+03 8.903821383825112434e+02 6.907149324153641601e+02 4.454233682030776436e+02 3.867976748793411161e+02 2.641077106195920692e+02 2.456399132122206481e+02 3.101208423838634189e+02 1.103874681201965728e+02 1.474397416612482345e+02 3.164956322729377192e+01 1.442084410007045125e+00 4.679771142632906944e+00 1.970365624615329736e+01 2.958584450641199126e+01 5.471228369588317975e+01 9.569054957156691898e+01 1.293928694090629392e+02 1.209210853911051657e+02 2.567711590796436667e+02
