7.431503367768702901e+02 5.236671748455514717e+02 5.046302143396102906e+02 9.946622038450078662e+02 5.703869663879822838e+02 8.999554465505977987e+02 7.963748645340010626e+02 8.631459768871505958e+02 1.035451765791603293e+03 1.176316913722766003e+03 8.856122988216901604e+02 9.858576989914470232e+02 8.749139764355480793e+02 4.270417825889257415e+02 4.974657991252788634e+02 7.628529798315029211e+02 6.770985550951579626e+02 6.341085960500316787e+02 3.454718970662921720e+02 6.980504645658708114e+02
6.729528635225278776e+02 7.268959581158931087e+02 6.391680447972146339e+02 5.384184994450367867e+02 6.781496789041929105e+02 7.684196636253608403e+02 6.554347765173815787e+02 6.230952915569681636e+02 5.877017854762244724e+02 7.661833792045852078e+02 5.915846364513523667e+02 8.514238024760745702e+02 5.561381966171853719e+02 9.423880325746570179e+02 4.270607328581366460e+02 7.076013707791579463e+02 5.732189391502181479e+02 5.867096067025140655e+02 4.074370397053533566e+02 2.627617610420462029e+02
6.321196608789334732e+02 5.010481018044591224e+02 7.918734908286227210e+02 5.896471544708505235e+02 5.994160970377017748e+02 4.471052906746093640e+02 5.722998832548828432e+02 8.572872214544886447e+02 5.439568197975818293e+02 6.719174618686114400e+02 6.667595876580321601e+02 6.564426164139835009e+02 5.552174688366609416e+02 7.595512331718688301e+02 6.523734930429245651e+02 8.479274238333039193e+02 6.554257493805910144e+02 2.424841861126642470e+02 4.454007054171771074e+02 3.425273383979446749e+02
5.684989482698555321e+02 4.806910490468735588e+02 7.952575447340442452e+02 7.684226927211107068e+02 5.037435400205097267e+02 6.003747048495608851e+02 7.695285272921336173e+02 5.127557027402872336e+02 5.915906428298850415e+02 6.003911933541189683e+02 5.984073213411792267e+02 8.133687708165375625e+02 7.540493303355244734e+02 7.161020498436137132e+02 7.795337763719224995e+02 8.339882518461901100e+02 5.172360200753479376e+02 6.959216622946121333e+02 3.836264342024757070e+02 4.624389061135701127e+02
5.761334388939686733e+02 5.780647101696348500e+02 5.449164135649965601e+02 5.319249196141917082e+02 5.974335154416069145e+02 7.172328512576007142e+02 6.917726458300870718e+02 6.042938849144921960e+02 7.172082298827094746e+02 6.023251350919325660e+02 6.959608983493536698e+02 5.028236826505680597e+02 7.193363630277830225e+02 5.608489294998677224e+02 6.906874393525356481e+02 5.694191702893970159e+02 5.809362164328036897e+02 3.142954870298133301e+02 4.947716223172166679e+02 3.537189158600634755e+02
5.609003669662283755e+02 5.675076934376680811e+02 4.147892007696228234e+02 5.001697681739377117e+02 3.962469531455170682e+02 5.571112335531880717e+02 5.064374199965588446e+02 5.028648396817509933e+02 6.493349462126560638e+02 4.320505651343625004e+02 6.112033196618136799e+02 6.191052248492771923e+02 6.970023997655406447e+02 7.507718372401255920e+02 4.974704485168746828e+02 7.236485667708633400e+02 2.785553976454677922e+02 4.798016683749339109e+02 2.602109196977196461e+02 2.893357534900262067e+02
3.939119454162790248e+02 5.291702217724949833e+02 3.575094715175763440e+02 4.624815558887499947e+02 3.891419968667065064e+02 7.941280516158407181e+02 3.462798796529771153e+02 6.564830267490825690e+02 5.236728828150912705e+02 5.200077267575643418e+02 5.319305400501492613e+02 8.167982836077055708e+02 4.754095659390877699e+02 4.719419428440634761e+02 5.190754493245575532e+02 5.799740591601114374e+02 3.344558986519693917e+02 1.859186957240888205e+02 2.961687508289130051e+02 2.230182222292183667e+02
3.425681219818196155e+02 3.214722737311705032e+02 3.447760500280485871e+02 3.031101931995822270e+02 5.819190254555618367e+02 4.957085375508019638e+02 6.422148811255611918e+02 5.732713283003787410e+02 3.813141143182323844e+02 5.347115432727860025e+02 4.437695780057918569e+02 5.393041152851807283e+02 5.925583925021667255e+02 5.064130260498287157e+02 3.828458188420239594e+02 3.381104749415931110e+02 2.706256724071512849e+02 3.264675819613115095e+02 1.778848947312974644e+02 2.344748054708542782e+02
2.302444384037275995e+02 2.236211173459556676e+02 4.018637541651996230e+02 4.921468952156602654e+02 3.207389408154219836e+02 5.255141941050943615e+02 3.178899415794131755e+02 4.090969337499307130e+02 5.292063399629106470e+02 4.279235893594313893e+02 5.356129185886878759e+02 5.337744636611303122e+02 5.200146509722321753e+02 2.832659681439920973e+02 2.726014709935155338e+02 2.852880803931588503e+02 2.900277210431283947e+02 2.242077039514049659e+02 3.037601204912648427e+02 4.320235279518657876e+02
2.468864424023129800e+02 3.704622163618703894e+02 3.537469527754632281e+02 3.946802580029859655e+02 4.877485689328137255e+02 3.038287440911687440e+02 3.186021408233094689e+02 4.254602347677705438e+02 3.477522672809384403e+02 4.412369751813370158e+02 2.982309845914840025e+02 3.962823003960920687e+02 4.445781492794408223e+02 2.758984994846431391e+02 2.927657061036791220e+02 5.037240782220362121e+02 3.017028605235036594e+02 2.344896201865479952e+02 1.674030105116142124e+02 2.314298563414612886e+02
3.258069458261187492e+02 2.538466312300627123e+02 2.700108170202805695e+02 4.115605817917209492e+02 2.608836184245467962e+02 3.915125173665962848e+02 4.188632962891260831e+02 3.265109032744892374e+02 1.674176274167532199e+02 5.925876641442449682e+02 3.915122202735685164e+02 5.191059640368570172e+02 3.978662899178611383e+02 3.228797847600397404e+02 5.163775181391763454e+02 1.607643147364103697e+02 3.128984589347940073e+02 4.684901568190294370e+02 1.206526178837871583e+02 1.454238888617361454e+02
3.425869375708830376e+02 2.456502290644922653e+02 3.971144103046758573e+02 3.171868431160817181e+02 2.444043738295951016e+02 2.982595161132992416e+02 1.992709698188420475e+02 3.374284898599743769e+02 5.384220511220496519e+02 4.912544118075067558e+02 3.643473369931802495e+02 5.421383234700917910e+02 2.873294969081301247e+02 2.954871059737075711e+02 3.477356923396187085e+02 3.037660737859872029e+02 2.493633442435238692e+02 2.525519499770715584e+02 2.712781217156360754e+02 6.022898590264558294e+01
2.107053145635760814e+02 2.812784176713884676e+02 3.136158606066803145e+02 2.545120356868827969e+02 3.883672223952234503e+02 3.017376567554583744e+02 3.108259644888029811e+02 1.959061557681919794e+02 2.634728887869597997e+02 2.907297790894461400e+02 5.495957357570641761e+02 3.620779440969562870e+02 4.091078953158137779e+02 4.522030484586070429e+02 7.114251956463286319e+01 1.416672435182983349e+02 3.337294178632427020e+02 1.513076238993861864e+02 9.271374338323876430e+01 1.542390095160161820e+02
2.212779124381302438e+02 2.038000677193677177e+02 3.598079662075700753e+02 2.634718079654398935e+02 2.866715204634533052e+02 2.032106357369567036e+02 1.806071375219643755e+02 1.843447898088322461e+02 2.962266270863074737e+02 3.388624616142161017e+02 2.826295024845584862e+02 2.469201940818876722e+02 2.647756745339142412e+02 3.100867194280965577e+02 3.381477157082510416e+02 2.732733249961686397e+02 4.099066435590419246e+02 1.309339454531040303e+02 2.176899645292415357e+02 7.700942501026504772e+01
2.072412350964154939e+02 2.363680539150056461e+02 1.870834483200997056e+02 4.091398117681361555e+02 2.038352672221287207e+02 2.826174606671075367e+02 2.927911911070629003e+02 2.525969500004921713e+02 3.828974067494842757e+02 3.836556778772321650e+02 2.089710910978815264e+02 3.010333437228342746e+02 3.108231084178620449e+02 3.200263013594752692e+02 2.425010867696385617e+02 1.964501387007040876e+02 1.116353833379289426e+02 4.965490771018087912e+01 1.103760687909025364e+02 7.118369823469112134e+01
6.988196554321943665e+01 1.332538470552203478e+02 1.854580426957326722e+02 2.147785874718340722e+02 1.099790331904121388e+02 4.513751724492226458e+02 2.043667889856018292e+02 2.786036097904764688e+02 3.813220290528048508e+02 2.095434557414553467e+02 2.615569681516632272e+02 2.060995215207896649e+02 4.172339300004128404e+02 3.529661085644341370e+02 2.982344455977111579e+02 1.612696170917149630e+02 9.505991731827541003e+01 1.440040386827428165e+02 1.255267782309625346e+02 4.528412673484812956e+01
1.484102066293846747e+02 3.250763318282743057e+02 1.246570776734884873e+02 1.233462656435850278e+02 2.375839835993057250e+02 8.161880198214150539e+01 2.596148773235560157e+02 1.323374935503972836e+02 3.552551966390868188e+02 2.066774644353984911e+02 2.284328975313103172e+02 1.557504021838864503e+02 3.122076752263844241e+02 2.170962343658212603e+02 1.364753595069554422e+02 1.892435114026255860e+02 1.137401031979174491e+02 2.135860073020137406e+02 1.273256708653892417e+02 2.816591819497187288e+01
6.434338172467252548e+01 1.323382942923242069e+02 1.450193173973009948e+02 1.597509850656581136e+02 2.893779632763148584e+02 1.587795756404566703e+02 1.062737725355660388e+02 1.360262078076668786e+02 2.095474742414394598e+02 2.532007676148429027e+02 2.927772391052768626e+02 1.653797758080700362e+02 1.710290793523486741e+02 2.314634232977145416e+02 2.124136947931773136e+02 9.351168568091890165e+01 7.629089963935501828e+01 7.053376169771368609e+01 1.503240226742396999e+02 8.784683427707683734e+01
2.450330561172079911e+02 2.333275381684055105e+02 2.544924516624487296e+02 1.142194140382758150e+02 2.326907698234621762e+02 2.165646156317760358e+02 1.643552518764839476e+02 2.326924469510341567e+02 1.454927097270394256e+02 1.721180662582207788e+02 2.242442217876346149e+02 2.095313172012886298e+02 9.819717833266980733e+01 5.993800424934467941e+01 1.715539840981854525e+02 9.544003733855606697e+01 9.008351240814504024e+01 8.969208110903817044e+01 1.233696012309663637e+01 4.348464918321718997e+00
5.962624860347007427e+01 1.100084414293027777e+02 2.200606562052734034e+02 1.747309097693261322e+02 8.054950347744797057e+01 1.305128518214647215e+02 1.479217359181133986e+02 1.314459874760585762e+02 1.710780002453595898e+02 9.703065514348556064e+01 1.104035284865417879e+02 8.162655189139610457e+01 1.449909925777684805e+02 1.547532695021151312e+02 1.103850608296518487e+02 1.364720525259630506e+02 4.583690487704681260e+01 9.427023878582853911e+01 1.870326953831564865e+01 2.637101212434624031e+00
