6.791325781269272738e+03 4.236814149908817853e+03 3.328357817260708089e+03 1.805796675866914256e+03 1.004772950793239829e+03 4.378965506660884444e+02 2.495626847825191774e+01 4.847736016920591595e+01 2.817019513045544272e+02 1.055610840003891781e+03 1.806881360540824744e+03 3.817237295649665157e+03 4.931293766809150839e+03 7.127096223312819347e+03 1.028631303972715978e+04 1.207827300055776323e+04 1.470420634524250272e+04 1.890641490991030150e+04 2.320150220598946180e+04 2.711960839958708675e+04
5.617478296607174343e+03 4.628163942237293668e+03 3.106078836669405064e+03 1.928475264382976775e+03 8.999528258152549824e+02 2.230504717358350035e+02 1.029207182612553595e+01 5.357143276230364393e+01 3.489715330780556428e+02 1.100268194733034534e+03 2.025605615414498516e+03 3.767995775871390833e+03 5.288635208704957222e+03 8.158051287304571815e+03 1.003230252002690031e+04 1.257113438559927272e+04 1.524750844673977008e+04 1.921011858604970621e+04 2.301300686925031914e+04 2.827116060825287059e+04
5.269330113855196032e+03 4.294311952217391081e+03 2.349659619203735019e+03 1.346610373363005920e+03 5.533362243244298497e+02 2.290417744789423864e+02 1.662631483862098491e+01 5.044338749108949571e+01 4.493503751016639853e+02 1.272296606073590056e+03 2.083617138783036353e+03 3.559825227531081509e+03 5.957144305139657263e+03 7.928482224568297170e+03 1.003231869392489898e+04 1.284618988291076676e+04 1.689497629023880654e+04 1.960015187502322442e+04 2.418036471355252070e+04 2.797600303967999207e+04
5.348002218377796453e+03 3.010953463507622473e+03 2.035257148172279585e+03 1.436105532499696892e+03 6.231196610071466466e+02 1.865295774962676205e+02 2.856065813698260847e+00 1.945827732954070086e+02 8.175150274505242578e+02 1.704669046138069461e+03 2.710801067184501790e+03 4.382911492262512184e+03 6.387608265682183628e+03 7.967701018368426958e+03 1.075810301338662975e+04 1.376890192776833101e+04 1.656386937561931336e+04 2.109478135350086086e+04 2.463655818482166796e+04 2.886610839910311188e+04
4.693678394780196868e+03 3.942708862077711728e+03 2.087929736402360959e+03 9.708530211729708981e+02 4.287244783343519998e+02 1.618078376718445099e+02 2.208537515709603660e+00 1.590978368928506370e+02 6.756792215688504939e+02 1.737838860023621692e+03 2.779950340473847064e+03 4.091371344161736943e+03 6.190957718568398377e+03 8.983562148984361556e+03 1.117276520808838541e+04 1.433787592971316008e+04 1.775838854296726640e+04 2.099615347777958959e+04 2.512871156724700995e+04 3.038756149806430403e+04
4.309976558036496499e+03 3.386253681248303110e+03 2.150504928509715228e+03 1.427025538959699361e+03 4.303755162047440308e+02 6.921511222495914240e+01 3.932274487497587501e+01 3.400730728083686927e+02 6.550750891812776899e+02 1.830746669449916681e+03 3.362191761074760052e+03 5.405625222206753278e+03 6.737515427847474712e+03 9.132023927853762871e+03 1.149211491912224301e+04 1.453972718634867124e+04 1.777971960591939933e+04 2.154450756224746146e+04 2.627652474649440410e+04 3.047128686597631895e+04
4.644511204145795091e+03 3.447053800714830231e+03 1.942533330833655100e+03 6.970234261313293018e+02 4.641997749016753119e+02 4.268267158708142972e+01 9.190417608929601911e+00 4.284134712949460777e+02 1.227056684972939365e+03 2.496561478221530251e+03 3.378444338261481334e+03 5.473451459778847493e+03 6.381214561524041528e+03 9.074777057133007474e+03 1.172482593515658300e+04 1.527221083897032986e+04 1.996582739591041536e+04 2.205237644596927203e+04 2.660171732418451938e+04 3.145667619759211811e+04
4.275982290113199269e+03 2.549508897297602743e+03 1.326137900699981174e+03 1.034164642130861466e+03 3.758482051721163657e+02 1.507450395427032852e+01 1.940062222286842086e+02 3.445318863520973878e+02 1.167566494463655545e+03 2.004062653032824983e+03 3.432144494283130825e+03 5.311915135014997759e+03 7.279861710294206205e+03 9.561241888645230574e+03 1.313797569547486637e+04 1.573537459108927942e+04 1.926556812114896093e+04 2.407474275868575205e+04 2.692235473023414306e+04 3.209123689917536103e+04
4.071835699607068364e+03 2.709469667435319479e+03 1.248673168102790896e+03 5.073211957896650119e+02 1.374292334762990606e+02 1.444032288363283678e+00 1.372309070060765919e+02 6.684313098956187105e+02 1.018296167378818268e+03 2.372258488695015785e+03 3.859376128652348143e+03 5.332361785556917312e+03 7.593733172789619857e+03 1.006037556086010773e+04 1.233901229253992096e+04 1.581072841539623187e+04 1.940463240358310213e+04 2.439854699845194409e+04 2.882534301515945117e+04 3.111705734493102864e+04
3.259462400946681555e+03 1.954907185509309329e+03 1.111370579258195676e+03 4.789203158133411762e+02 8.971973442332844684e+01 9.904172425474249142e-01 2.336800056648607438e+02 6.622516676340861750e+02 1.608641893311697913e+03 2.914372192224957416e+03 4.324835622280557800e+03 6.587323696054821085e+03 8.431236575408021963e+03 1.044103787776001445e+04 1.366583406707719951e+04 1.638930302718477833e+04 2.094400715607395978e+04 2.359307483991991467e+04 2.933693450739511900e+04 3.402558933567778149e+04
3.342196691662859848e+03 2.257528338554024231e+03 1.127406800143686951e+03 5.374751643795907512e+02 6.463970538724943538e+01 3.806981293109541298e+01 2.312319902447151208e+02 8.289910008001979804e+02 1.437044763293455844e+03 2.916529900994027685e+03 4.412071234792121686e+03 6.632842652557163092e+03 8.697738916835323835e+03 1.077470719893203204e+04 1.347013870039293943e+04 1.672902010653152320e+04 2.010171818186407472e+04 2.403751967505297944e+04 2.825771100916951764e+04 3.348177960715144582e+04
2.684534734702414426e+03 2.139405358223266830e+03 1.031553881191103983e+03 3.813117865541753417e+02 6.690407003067322478e+01 2.330633499679094101e+01 3.147894949347221427e+02 1.152579275791344799e+03 2.103731254377928508e+03 3.192770724703178075e+03 4.681752972796660288e+03 6.590569523665382803e+03 8.761273997868865990e+03 1.115583516994037927e+04 1.443382708056824413e+04 1.754581624798543999e+04 2.091508553277268584e+04 2.547227026704480522e+04 2.971497112834724976e+04 3.471523988603268663e+04
2.307171256901817742e+03 1.620472278522595616e+03 7.862208387620477197e+02 3.852445699203159961e+02 2.494669021817456667e+01 8.292096723539023628e+01 6.787902085483491419e+02 1.168934142654551351e+03 1.980836470683330845e+03 3.286103009426029985e+03 4.698181505151107558e+03 8.067969715389728663e+03 9.277855558111199571e+03 1.205188027355288614e+04 1.495750423969045005e+04 1.821434968789012055e+04 2.215346140125533566e+04 2.533202521455641909e+04 3.023433904371232711e+04 3.625987585250273696e+04
2.503275881113667310e+03 1.488049281475301086e+03 6.938315990431763112e+02 1.612523079447958310e+02 1.068746124106727091e+00 4.872913390800515288e+01 4.777304844875617391e+02 1.206137850016501716e+03 2.411371240910939377e+03 3.258649988014640712e+03 5.503074385190573594e+03 6.929278577660574229e+03 9.671050302175175602e+03 1.233899602582880107e+04 1.605813669879354711e+04 1.892841854063039500e+04 2.312235477194744453e+04 2.731757782987558676e+04 3.118057924050992733e+04 3.710256779132944939e+04
2.229077767832176505e+03 1.314507070236707932e+03 4.965609438453955136e+02 9.161128307370908885e+01 9.062931202586106405e-01 1.956469538105047548e+02 5.124086280078200843e+02 1.421928970915288119e+03 2.316116835372270089e+03 3.846966421828098646e+03 5.429155444982080553e+03 7.688125817697155071e+03 1.079961708259485749e+04 1.322521414810448732e+04 1.556524317211741436e+04 2.007902083101676908e+04 2.245214543683703232e+04 2.660170740177966582e+04 3.273213746756274850e+04 3.604691976622467337e+04
1.850215951861033545e+03 1.139540289336917340e+03 5.365135893748692979e+02 1.083059012173684721e+02 3.210161056410577363e+00 2.385675372900031448e+02 6.377783046793733774e+02 1.759552385738234307e+03 3.215393894039040788e+03 4.468030715370014150e+03 6.352457622361244830e+03 8.139983834482707607e+03 1.073322735171464956e+04 1.369856400259913244e+04 1.667214461678945736e+04 1.983040883210663378e+04 2.291603134210530698e+04 2.792250013006361405e+04 3.329174544666871952e+04 3.755854372903376498e+04
2.141235892894761946e+03 9.646120523288711865e+02 2.968561537780489630e+02 2.860471779238486079e+01 2.587342818046283455e+01 1.917976059794235084e+02 8.744746621917014409e+02 1.698029842017059764e+03 2.813770793775900074e+03 4.551300032350086440e+03 6.480614592405067924e+03 8.720125353658460881e+03 1.110520794124425265e+04 1.417071352020408449e+04 1.745584813231568842e+04 2.044913364069558520e+04 2.489461784239686313e+04 2.780899962012860487e+04 3.285527586235164199e+04 3.855735456931879889e+04
1.713518611754980611e+03 8.259374993035480657e+02 4.245848431086399160e+02 2.816416389539685383e+01 1.226750751580770924e+02 5.060708397686119042e+02 1.105552565655601711e+03 1.666902200308826878e+03 3.251786676705464743e+03 4.364382272363488482e+03 7.143975784849402771e+03 9.258612954403897675e+03 1.182461610707906584e+04 1.492324480009115905e+04 1.834414057190451422e+04 2.211180092555076408e+04 2.534473550827076542e+04 2.957720769020562511e+04 3.331363727077859221e+04 3.862021425596857443e+04
1.814266015902510162e+03 6.121341457811679447e+02 1.001568249949880283e+02 1.353363430655834421e+00 1.144268389220156905e+02 5.815324838271313865e+02 1.083063827155127001e+03 2.341172558445930918e+03 3.550250168042408404e+03 5.106956253008652311e+03 7.448033770571041714e+03 9.643525879804554279e+03 1.213545679049484716e+04 1.456868376688005810e+04 1.819276598736223241e+04 2.204640667215532449e+04 2.507798775940902851e+04 3.070914460113341920e+04 3.452172340594567504e+04 4.006413601340580499e+04
1.147618853458809554e+03 8.560960501008128176e+02 1.557231398321334268e+02 3.780128122872861240e+01 1.677096885571788221e+02 6.117893622120797090e+02 1.749488135648146681e+03 2.634275054400544832e+03 3.439154069416577840e+03 5.682534102159381291e+03 8.103908317657702355e+03 1.034722130532110714e+04 1.309215151417357265e+04 1.607841373236188520e+04 1.989805074331061769e+04 2.381475689739781592e+04 2.754279776338536976e+04 3.139992626043529890e+04 3.602413553932525247e+04 4.089304441970588232e+04
