4.988732785305351740e+02 4.750229513092898515e+02 6.265120753912162854e+02 3.974650575458397839e+02 3.707990955382777543e+02 2.985615823650448988e+02 4.134440549705936405e+02 3.047649827583843489e+02 4.592544506856288535e+02 3.615223007391900865e+02 3.721963479231065435e+02 4.068686966491060844e+02 3.940824659254586777e+02 2.297959759001590214e+02 3.775745397614675767e+02 3.434481535390192448e+02 2.648978030807706432e+02 2.700985546931130443e+02 2.225563804973355673e+02 1.446387909916091417e+02
5.114387597595760440e+02 4.970237297762569142e+02 4.374699764905411712e+02 3.816834483600051726e+02 3.974088275546120030e+02 5.387246997374065813e+02 3.406239447353968330e+02 2.923391307495572846e+02 3.391368772211486657e+02 3.768748580595325848e+02 3.412796666032499502e+02 2.814454645752900888e+02 3.216306482550950250e+02 2.476632741387908538e+02 3.523874002626344577e+02 1.732674760576240089e+02 2.142944372718508816e+02 2.303477220521685069e+02 2.303314149016290173e+02 3.783116279996835942e+02
4.776920146185216822e+02 5.078007332915494203e+02 3.685504084203455477e+02 3.631956973721862596e+02 3.225218787624606307e+02 4.749021446771532169e+02 4.739899775724193205e+02 5.611609347391948859e+02 4.021265603474574846e+02 2.334846012402486224e+02 2.292265232547077289e+02 2.774679426205050845e+02 3.861964041330927557e+02 3.924828383274471548e+02 4.330682583616987245e+02 3.244634803916360966e+02 2.922025738595648363e+02 2.747473344092529715e+02 2.956130821631292633e+02 3.208628704058067456e+02
6.437518576658575284e+02 4.672331517741172888e+02 4.441548079109496712e+02 2.809647440343043741e+02 3.639427380580806357e+02 3.083003256431765067e+02 4.636100096420586283e+02 3.274595592821295327e+02 4.739506763142927639e+02 2.755005745881603616e+02 2.074716272206064218e+02 2.143442458435887659e+02 2.292211210917754443e+02 3.244893288578986130e+02 2.682042964472944391e+02 3.390185939811339608e+02 2.740574874517583339e+02 2.096737014979459843e+02 2.539366813669749376e+02 4.148928533282370381e+02
5.060369127999535408e+02 4.784955817857432976e+02 3.579199074636016462e+02 3.739371470414143346e+02 5.167372295770029496e+02 4.373633887430406730e+02 5.574082128910376923e+02 3.973197966181324432e+02 4.117724910204251501e+02 3.347095281656163479e+02 2.578708022439697629e+02 3.524220383428606738e+02 2.552657460054574585e+02 2.636250376626994694e+02 1.982609343328981879e+02 3.456719565003215280e+02 3.531184038582244966e+02 3.869048958700906269e+02 2.231565251659631031e+02 3.404459375418744571e+02
5.604319241273265106e+02 4.724394750951317405e+02 5.500175447342046482e+02 6.245006209984226189e+02 3.458661794787824988e+02 3.318932602825449294e+02 5.592870852709553446e+02 3.585214849633248946e+02 3.997096582162623122e+02 5.526199586988610690e+02 2.916020952741900487e+02 5.744045065676459672e+02 3.194781195803032574e+02 2.591163734470150644e+02 1.954677663247360329e+02 3.652589486480327992e+02 2.527001976750127028e+02 2.558621673053211509e+02 3.478596243468211924e+02 2.201678343041653250e+02
5.435463851549616265e+02 4.308391023302610279e+02 5.149959367347441912e+02 4.054283070711871346e+02 7.005475917223284341e+02 5.049579560243100218e+02 4.559429804074554795e+02 3.210134887852319707e+02 3.383914368731078071e+02 3.457428400363480137e+02 3.885889550195634570e+02 3.577131161397691699e+02 3.744952106099659659e+02 2.226008342249532461e+02 4.223144735978412996e+02 1.965710674013380981e+02 3.471562373299657907e+02 3.208637799840457205e+02 3.884947190647411617e+02 2.303484067319703286e+02
6.953969684731450798e+02 4.715397904673126277e+02 5.222574965743096982e+02 4.340995886359933138e+02 4.610963759023136390e+02 4.670843314627889526e+02 4.853728457001800507e+02 4.077189529604831932e+02 3.592532870036093300e+02 4.765508308219835953e+02 3.102984369087619712e+02 2.787894528446678351e+02 3.783839876479074178e+02 3.956494112754259618e+02 4.247511668977510340e+02 3.599180529872883199e+02 3.948322477723662587e+02 2.929044134140421534e+02 2.687871296991294798e+02 3.591137705406393934e+02
5.435491772319993515e+02 4.176562309295849218e+02 5.416000805451654969e+02 4.340835672832967020e+02 4.525300394591836834e+02 4.871253552558574711e+02 5.267079391474785552e+02 5.470440921618336461e+02 3.660917010353815613e+02 3.925471541004829987e+02 2.559471148803988569e+02 3.614869445410194544e+02 4.280719627600751096e+02 2.734367467457678913e+02 3.338778283888655665e+02 3.493894751355902031e+02 4.852203741327405737e+02 3.324218863697531674e+02 2.935373626464070185e+02 4.230691964362536055e+02
5.613885016738524882e+02 4.039176967956734643e+02 4.250193925283688827e+02 3.950416454326911548e+02 4.619529598573678868e+02 4.880282120315384873e+02 3.224348396313380931e+02 6.721887244114750501e+02 2.957272067491580856e+02 4.190796523285870308e+02 4.626619084466750564e+02 3.209143469770411912e+02 3.486647373360601136e+02 3.266594149357448487e+02 3.046526387817831960e+02 3.964162156613044203e+02 2.976886851585146587e+02 2.616308511501946441e+02 2.184150820955554195e+02 2.382593066927192069e+02
5.661313111635485029e+02 5.314521170870655169e+02 3.632109490568179240e+02 3.950416695795994997e+02 4.960274431334718201e+02 3.253486372767525836e+02 4.414979281266510043e+02 4.550285710727484343e+02 3.941051206778927281e+02 4.061044384468223711e+02 3.862032630562105169e+02 3.397858726124871396e+02 3.539045625894519844e+02 3.404997843767810650e+02 3.053185475181035713e+02 3.464010683793408703e+02 4.825834951913575424e+02 5.515765775204563397e+02 3.682681592719608830e+02 2.033224237462471535e+02
4.776616690466474893e+02 4.680773038887413122e+02 5.929740076875744990e+02 5.295004599106902106e+02 1.962269721355659158e+02 4.053610568155149281e+02 4.465601131112901498e+02 3.026581598990832163e+02 1.988851852606018724e+02 3.383417981588887642e+02 2.801210283757234265e+02 4.305447264897904915e+02 4.052306899334379295e+02 3.317004425938009149e+02 3.675294502156750696e+02 3.102211043110530682e+02 3.987732441171332880e+02 5.246775875629933807e+02 2.629074824554398333e+02 2.267053998052693657e+02
5.979195445400196149e+02 3.014403681594844784e+02 2.951925287932941728e+02 3.847862514262487821e+02 3.677252008900067040e+02 3.957504579572515695e+02 3.068696091699119393e+02 1.883617406749721965e+02 3.103145545929122022e+02 3.577104045337975435e+02 1.977409463656363187e+02 2.787373057928372759e+02 3.814489989252988948e+02 3.368032945539172829e+02 4.677741810579911430e+02 3.606608925509786445e+02 2.107932562094886464e+02 3.411958861573972968e+02 3.411698154373136731e+02 3.463197481376686824e+02
5.077945054598324077e+02 3.269385360244813228e+02 3.824653736628411593e+02 2.896926191017000747e+02 3.182188689407734614e+02 5.294714118852381262e+02 4.117970726807034794e+02 3.676439102383279760e+02 2.353221180844487037e+02 2.761284824201948709e+02 3.591932985025680409e+02 2.794061065205538625e+02 2.184243484885317912e+02 2.096420239286494791e+02 2.208086792594272367e+02 2.969690919038329184e+02 3.287658566332297596e+02 3.939839930803694870e+02 2.195529864345888029e+02 5.047244387029994641e+02
3.070516717023272690e+02 3.370971762654280610e+02 3.319327232164527572e+02 2.453353073958779476e+02 2.058095586332148628e+02 3.600493855310501772e+02 1.589938845091601820e+02 3.005481608688079405e+02 3.116877199550598334e+02 1.701761032140128691e+02 3.988598624018434293e+02 2.888406776722491713e+02 1.519394572135070121e+02 1.243326959867934107e+02 2.983721541398978729e+02 2.584060368428353058e+02 3.052825189162279003e+02 1.954272059309365943e+02 2.463413364183560645e+02 2.101805761297370339e+02
3.848931868824209346e+02 2.222823291490035160e+02 3.083672601139296603e+02 3.069230605814532282e+02 2.323720515727906388e+02 3.124993366051165253e+02 1.813537374807842468e+02 2.167662316884707820e+02 3.075176531929724320e+02 2.514854113753246452e+02 1.877608188291698639e+02 2.451589508805490141e+02 2.201938753087209477e+02 3.987857205066114261e+02 3.130514253959029816e+02 1.634090558031795126e+02 2.668223672915636939e+02 1.628922308701278041e+02 2.475931424648561006e+02 2.469575588087955964e+02
3.625252778731336889e+02 2.282368631688579228e+02 1.458478709406508358e+02 4.559993236155901286e+02 2.007004482502015890e+02 2.317070154297630609e+02 2.471444563850390921e+02 2.232241961536778376e+02 2.057082047267130349e+02 2.102786075675723225e+02 2.304011243093140706e+02 2.533444242734466627e+02 2.201985189156819445e+02 1.465706982933372160e+02 1.509168363048555079e+02 3.916314510661287613e+02 2.021834037849324091e+02 2.867385354097581853e+02 2.315141983744128709e+02 2.254860257701467958e+02
3.098636522424370128e+02 1.924216188622352206e+02 1.766850926428125490e+02 2.287567981460515227e+02 1.073491060919829465e+02 1.409852284057201075e+02 1.575027538987430091e+02 1.645483081655673914e+02 2.347062902820815111e+02 1.619715060418901373e+02 1.230305143113276927e+02 2.195896695936900471e+02 1.027077754367636686e+02 2.137146373382258560e+02 2.545770078063880248e+02 2.714167979536108533e+02 1.679997026836186933e+02 1.055173315359740087e+02 1.301249977203286505e+02 7.057667327022281256e+01
2.824086005903432692e+02 1.368950970106628233e+02 1.571244197653202264e+02 1.950929880177685618e+02 2.311516753431028519e+02 3.020039480331489017e+02 1.244310214095788893e+02 1.702129435336133270e+02 2.304566677740111800e+02 2.137823580224388991e+02 6.574246063745398772e+01 2.039495228943630707e+02 9.754056245118158586e+01 1.988175551954945774e+02 1.046970204886391116e+02 2.027490347365271361e+02 1.384353015179752617e+02 1.351625969329526527e+02 1.700705676643272568e+02 2.201246231647992317e+02
1.647941346332272872e+02 2.175297408316599217e+02 1.841726555556323035e+02 1.923581408627053690e+02 2.040904497434572136e+02 1.144516933301773634e+02 1.575090678274962670e+02 9.840474487378074286e+01 8.072600962508083455e+01 7.408028603281361768e+01 1.834436467331592553e+02 1.109733960391162100e+02 1.494905571907166006e+02 1.076048733469100966e+02 5.522902554352886284e+01 7.885502929551148554e+01 1.747912908181345699e+02 1.216005089159154835e+02 7.812443696808340121e+01 7.124796759963319914e+01
