3.847885770003324069e+03 2.672153370125909987e+03 1.481942881127714827e+03 7.806730269812593406e+02 1.964656321604100242e+02 1.391334807893119319e+01 1.280804542064944656e+02 7.504016050781175409e+02 1.289489941865285800e+03 2.492589532740298182e+03 3.472119569134900303e+03 5.658505283555005008e+03 7.779603065485667685e+03 1.027010787641146635e+04 1.251291412834226685e+04 1.554533186195095004e+04 1.784379215555727205e+04 2.307983690878659036e+04 2.678471786190755302e+04 3.100427901258087149e+04
3.900170235176379265e+03 2.797616240383611967e+03 1.380596869838588418e+03 7.442274031962565459e+02 2.084056417128427654e+02 3.387271855622634664e+00 1.606233901966951976e+02 5.025425901802396425e+02 1.473688950644575698e+03 2.111135963224212901e+03 3.685034671896068176e+03 5.408590062465019400e+03 7.503423799736665387e+03 1.067119697229687335e+04 1.240577164342061042e+04 1.446750871613509116e+04 1.802592571403389957e+04 2.229063079848783309e+04 2.612114951162636862e+04 3.075824806038606403e+04
4.010821098716195138e+03 2.133850443498639834e+03 1.649561500403410264e+03 4.921496572047615814e+02 2.206661716884609348e+02 1.860947191909865595e+01 1.526365924968455090e+02 4.553344812679200686e+02 1.148551155914359470e+03 2.411427800060504069e+03 3.889280871007993937e+03 5.432142158078358989e+03 7.646138026301306127e+03 1.004435458900511003e+04 1.220167837250402590e+04 1.524260026155378000e+04 1.861059904933936923e+04 2.253015000977908858e+04 2.530657202492633223e+04 3.008153552743023465e+04
4.102512659654004892e+03 2.457482198313573917e+03 1.261436871446726173e+03 7.333534204334646347e+02 2.609092946974154188e+02 3.762092034656614015e+00 1.885296838320559516e+02 5.474021674578079910e+02 1.234098322440869651e+03 2.975166379209717434e+03 3.476826980812989859e+03 4.841864354635247764e+03 7.552000359784163265e+03 9.231715247887388614e+03 1.208270102186348049e+04 1.427572051687580642e+04 1.845812679287550054e+04 2.180362716042541069e+04 2.698145792416696349e+04 2.959098588480039689e+04
4.125640151456012973e+03 2.172852607514535521e+03 1.095455028429012373e+03 7.355327798332771181e+02 1.523027122971044491e+02 1.131414221990523572e+01 5.864275980222741680e+01 6.010065498407104769e+02 1.211739130372657655e+03 2.243574118950310549e+03 3.346006525661683554e+03 5.682576794303960014e+03 7.167702376049606755e+03 9.600400194863328579e+03 1.150928452560985170e+04 1.512432262917423031e+04 1.892842758660047912e+04 2.244016267046875146e+04 2.656260948089205704e+04 3.101131360964320629e+04
3.618198059723814822e+03 1.876141392332812529e+03 1.265702962217012100e+03 6.311289941506479408e+02 1.731836611032035194e+02 5.020761385075549477e+00 8.441083867333706792e+01 5.097225461485462006e+02 1.139103602264761321e+03 2.514600680085643489e+03 3.951882684523466651e+03 5.640462750745034100e+03 7.786657030881179708e+03 9.335747839028921589e+03 1.150069413349611204e+04 1.547058190839989948e+04 1.790262011134124987e+04 2.374077012796846611e+04 2.605653005422319620e+04 3.054117480932175386e+04
4.151321792065117734e+03 2.338037153445916829e+03 1.558350507551406281e+03 8.772991251556361476e+02 2.236547996841082693e+02 1.279980627758545531e+01 1.012541560644725678e+02 5.097386057570287790e+02 1.224283178247213982e+03 2.215249520744845540e+03 3.653533274098127094e+03 4.497555070768848964e+03 6.800055107455410507e+03 9.339605617027325934e+03 1.263402439527112256e+04 1.552536590664269352e+04 1.957775755151398698e+04 2.260224949970861780e+04 2.649092396418736826e+04 3.147085621897827150e+04
3.293816263958321088e+03 2.461455967741961558e+03 1.463478894071359491e+03 8.386864615990867833e+02 1.992823766926855740e+02 1.968526748270424287e+00 1.253952842873433724e+02 3.794879668937097108e+02 1.270887262926604080e+03 2.254957842209621504e+03 3.364552354310238115e+03 5.055670907364300547e+03 6.753962693258412401e+03 9.479278277491919653e+03 1.261154169074751553e+04 1.512920752633047960e+04 1.787587503916132482e+04 2.162089673969123396e+04 2.664740251474723118e+04 3.131494656014761495e+04
3.885158391764142380e+03 2.523344997179835445e+03 2.031691561192284553e+03 7.717432844547455488e+02 1.936902832035658548e+02 8.250581048731790546e+00 1.209759649682366671e+02 4.595900642924663089e+02 1.190932776997986821e+03 2.832924138223983391e+03 3.049821549072816197e+03 5.155699346025169689e+03 7.184634260970935429e+03 9.101493481669651374e+03 1.213108054093422106e+04 1.578559759840661718e+04 1.876915979441205855e+04 2.362996916225088353e+04 2.591468474589387915e+04 3.052717896436751835e+04
4.141039550431416501e+03 2.594179385448935591e+03 1.408967692565422340e+03 8.631432827422771652e+02 1.975911405834102368e+02 2.595407745221442042e+01 8.771468661064045591e+01 4.226715933701494237e+02 1.265187674015961420e+03 2.009451765040682858e+03 3.924253188422148924e+03 4.914461713442873588e+03 7.232191559637042701e+03 9.643561626845179489e+03 1.246820371822644847e+04 1.483057642304244109e+04 1.759885620672618461e+04 2.153276764104532413e+04 2.572185406882184907e+04 3.157027051931210008e+04
4.721125064487031523e+03 2.827296653247359700e+03 1.807489146357024765e+03 6.261036788992256561e+02 1.865208029575841522e+02 1.117229393794317538e+01 5.683340402055512186e+01 5.854216267741383035e+02 1.295221931713807635e+03 2.222766419597587173e+03 3.571770767774771230e+03 5.092699199278542437e+03 7.949837020431438759e+03 9.514359235028128751e+03 1.151355965655657201e+04 1.518830813313051840e+04 1.933783860451118744e+04 2.274076385224208207e+04 2.708009279145752225e+04 3.080034494572812764e+04
4.146172909422462908e+03 2.505285802686192255e+03 1.630150539028170670e+03 7.518860928596693611e+02 2.450094362068709870e+02 4.639232704579392674e+01 7.864972491292053292e+01 6.078469907071482794e+02 1.167579852924763145e+03 2.661043333825678928e+03 3.706867697353111907e+03 5.423264303206744444e+03 7.215176307284824361e+03 1.065464959306754281e+04 1.329430582944997695e+04 1.559021156546951352e+04 1.900001802831760506e+04 2.247612822227202923e+04 2.706692527717414850e+04 3.262368418124613891e+04
4.028547373320293900e+03 2.318731978018414338e+03 1.558269687272649207e+03 7.376879083147703113e+02 1.892597269633319854e+02 3.865929010882717165e+01 7.174802583880565976e+01 5.951166055681871967e+02 1.309641919528883591e+03 2.393740119911147303e+03 3.721491055134804355e+03 4.850179801013993711e+03 8.143602448075072971e+03 9.813180639075404542e+03 1.217958317051724589e+04 1.604293707275402812e+04 1.909387297546898481e+04 2.275284307449136031e+04 2.727132714296964696e+04 3.213424273897213061e+04
3.381597880138559958e+03 2.433774196521788326e+03 1.598031082603285995e+03 9.921350893147124452e+02 1.537531092034120945e+02 3.412460857385897839e+01 1.906628108838630453e+02 3.904337079066424394e+02 1.181268398494474923e+03 2.550801322993368558e+03 3.812316686803719222e+03 5.443892614376963138e+03 7.503388310846738932e+03 1.040428246236434097e+04 1.306470412933646185e+04 1.655871094820640428e+04 1.956657118575310960e+04 2.375310080175107942e+04 2.605007063662237852e+04 3.146376756361343359e+04
4.054004359864869457e+03 2.711550530642956346e+03 1.628520843617458240e+03 7.706311339819465047e+02 1.762925005649832713e+02 9.249911370898963314e-01 1.227044629225162709e+02 6.247242675313528935e+02 1.324142062357110490e+03 2.374208572705830193e+03 3.814771073722095480e+03 6.050113873525235249e+03 8.438581470881925270e+03 1.025387650166963977e+04 1.279183588033616252e+04 1.666697907619641410e+04 1.948271529616177213e+04 2.338463398858928849e+04 2.723830860835775093e+04 3.105358349819294017e+04
3.995609485865638362e+03 2.565676398740023160e+03 1.288529131414474250e+03 5.770651766310674020e+02 2.171035171773295360e+02 6.483526966914003431e+00 1.231540936570298896e+02 7.459747649154013516e+02 1.396399430118440932e+03 2.072666065354836974e+03 3.702012879031304692e+03 5.895575364961174273e+03 7.800759409638460966e+03 9.817146688469940273e+03 1.276923669450086527e+04 1.582583504888269454e+04 2.058664471442904687e+04 2.227867093617763749e+04 2.632192142828731085e+04 3.259478409537706830e+04
4.087154892561967699e+03 2.017231314536565151e+03 1.461937251784629098e+03 6.636229655181981570e+02 1.617507752155900960e+02 1.241572659775107290e+01 1.990259676317231197e+02 5.614553985334042636e+02 1.238286743994918652e+03 2.556860927553321289e+03 4.486751398538701324e+03 5.571543629311352561e+03 7.751382376519283753e+03 1.054344932417715245e+04 1.245033123417806200e+04 1.674970097543764132e+04 1.878012020497800768e+04 2.351940163741682045e+04 2.688297660447080125e+04 3.145666653155051972e+04
3.273166945962812406e+03 2.330271637075535182e+03 1.170784775018125174e+03 5.245379954094191817e+02 1.392958219127404789e+02 1.038633835747367451e+00 2.018527103945516217e+02 9.358169015784275189e+02 1.739474156547002167e+03 2.492553750352167754e+03 4.272380637347093398e+03 6.168916414975860789e+03 7.754908083055169300e+03 1.089126843130901943e+04 1.331737794459615361e+04 1.583084629689443682e+04 1.969546022532414281e+04 2.324416131612778190e+04 2.744995345606255069e+04 3.008152744348636043e+04
3.263991210994662197e+03 1.924900922599099658e+03 8.179026117247366301e+02 5.561420266392857457e+02 5.481059594849592287e+01 2.238022468522357755e+01 2.342556413195816276e+02 9.678814208401120140e+02 1.576712605204036663e+03 2.805278027916936026e+03 4.181374147538595935e+03 6.150075279276371475e+03 8.150813727021459272e+03 9.730129980023088137e+03 1.268348814580885119e+04 1.660507034015390309e+04 2.011303999573218243e+04 2.295843302667281023e+04 2.644535461515801217e+04 3.084247843310214739e+04
3.440008562250248815e+03 1.917878893039807281e+03 9.984244772203304592e+02 3.484833925546809610e+02 9.233945406624383168e+01 9.346571535731124092e-01 2.924983197619594648e+02 7.746530404794335709e+02 1.452242483834234690e+03 2.302660751292936766e+03 3.626957034217857199e+03 6.525772198336886504e+03 7.642585756867386408e+03 9.920444940032626619e+03 1.217515102673430192e+04 1.610378168812315562e+04 1.813345389797570169e+04 2.304334445806043368e+04 2.542759403401372401e+04 3.017177750340649800e+04
