9.424436317077389731e+02 9.522499507609744569e+02 8.065692959421396608e+02 5.486573269888531286e+02 4.711198365703143054e+02 4.454513964540225857e+02 3.323007640631715276e+02 2.996586496197278962e+02 1.998590722137950593e+02 1.618239538868674572e+02 7.808371063886271202e+01 3.648701756160706111e+01 2.120760032787167759e+01 3.290959270883409449e+00 1.311065737592594482e+00 1.099381857385519190e+01 3.113205351308710789e+01 6.712338841573732395e+01 2.288077951964696979e+02 2.134006851798602327e+02
1.327654777410976976e+03 1.031608989827366486e+03 6.833879683295710947e+02 5.356488327413014758e+02 5.291980463428840267e+02 4.992675476787945854e+02 2.382093011838515224e+02 2.357543206632764452e+02 1.876313089856554654e+02 1.942399194182513043e+02 1.108345867282702244e+02 5.053464163079323157e+01 3.698011494041892178e+01 3.792436445190454464e+01 2.420109775381924422e+01 7.342773167113525012e+00 1.114306288211011520e+01 5.098444637851953587e+01 1.511142647615906753e+02 7.074273086888140938e+01
1.449782485616121221e+03 9.746213394450076066e+02 5.790186173859714245e+02 4.939197332623502348e+02 6.513717734076481065e+02 4.728492301755595690e+02 3.836824990450345467e+02 3.052097181718315255e+02 1.668992475649951075e+02 1.795361368420920201e+02 1.108276614991977738e+02 1.014046831148884849e+02 1.860239975682798885e+01 1.259482217603542864e+01 2.231110243692435446e+01 3.024473843687174224e+01 5.560714454626545944e+01 1.144775704275230623e+02 6.016087616298222684e+01 7.517947200126572227e+01
1.134184465620148330e+03 8.122554064068763182e+02 9.083726571225109865e+02 7.033841820923518071e+02 5.127638693068686280e+02 3.766532265498915422e+02 3.560238668424389630e+02 2.266336926477351597e+02 1.346310132578505261e+02 1.758063182468963532e+02 4.040629535785055282e+01 7.189025708423655736e+00 3.187594319159096656e+01 1.637280670938399796e+00 1.013790683751180088e+00 4.269175350760257004e+00 4.710001659050354306e+01 3.759042644376821585e+01 9.688231370502147399e+01 1.677406552853525170e+02
1.039319151910123310e+03 1.132841810780900005e+03 5.637501250312395769e+02 5.310343130724319280e+02 3.954939121417961587e+02 5.246126280415755900e+02 3.530060132124492043e+02 2.968860026385174251e+02 2.254406524805440313e+02 1.220095268117518117e+02 9.277728175586976533e+01 5.995317092380717128e+01 3.300046997369598500e+01 1.478372003731823092e+01 8.815552203736249481e+00 1.050960701241429973e+01 5.771489517437183281e+01 7.174466758183208981e+01 5.384575465718702247e+01 1.081676855138854876e+02
1.073093937151090358e+03 1.103420174986872553e+03 1.095458746175824672e+03 6.865142021685876443e+02 4.650609598318357598e+02 4.556242099760286806e+02 4.642039009170138115e+02 2.177128386524202313e+02 2.055184484983601010e+02 1.618155158544969083e+02 1.054623346303967395e+02 2.287218264494017816e+01 8.443288690904367400e+00 1.509586566263938145e+01 1.013384189114711198e+01 1.397836011035717796e+01 3.001753682191101547e+01 6.518263894692667293e+01 6.516935376333144347e+01 1.467388461827681567e+02
1.094135489190726048e+03 1.035458749668566043e+03 8.468017657143645920e+02 6.401992085062393016e+02 5.346959310174362372e+02 3.373958389030005378e+02 4.034983737924292200e+02 3.507729327444977230e+02 3.045060751598454090e+02 1.379043945594683862e+02 7.495299155878778663e+01 9.898428014965668353e+01 3.166441117814589035e+01 1.419329498423157432e+01 1.147587391644101729e+00 1.942382483054950981e+00 4.103372448650776505e+01 6.581044640778868882e+01 6.293396046277331379e+01 1.395967320523744206e+02
1.021360326618487306e+03 6.886017770733163843e+02 9.821231054782012961e+02 6.131853472903329703e+02 5.780783389984826499e+02 5.994152316513659571e+02 3.720242230235916736e+02 2.647823203418557227e+02 1.854413824861874502e+02 1.779241430785664875e+02 1.643435582120848437e+02 4.997246727601650207e+01 3.167655350823524429e+01 1.891722956840118997e+01 1.265678493530806525e+00 4.310923899859393948e+00 3.639110977338130226e+01 4.548044379240423041e+01 1.094092745943066802e+02 1.307821733264099180e+02
8.808790245172638151e+02 8.282547382017897917e+02 8.134074574829629682e+02 7.387925364621337394e+02 6.251363443809506180e+02 2.531951174772331683e+02 4.147827641764229725e+02 2.934823688136499413e+02 2.886908966226790767e+02 1.527986399432501230e+02 1.309490010582835851e+02 9.199825430350048805e+01 1.551809990741113587e+01 2.614785623339583864e+01 8.222184564792966555e+00 2.334227818097410179e+01 6.419194263371649356e+01 5.770729602332714592e+01 7.307920593029268730e+01 2.510580091882285672e+02
1.258619783471284791e+03 1.389518458141738165e+03 8.526080641071376931e+02 6.991300281949304463e+02 6.331257918257970232e+02 4.564936758253202242e+02 4.904088553572764795e+02 3.821083685064227780e+02 1.608042895747591388e+02 8.270829112155222163e+01 1.219873213880561451e+02 3.321492271918283024e+01 1.792261760615989274e+01 9.965953294164660026e-01 1.028589785246871502e+00 1.167439623000183557e+00 8.384658990600433626e+00 5.708305261981790579e+01 1.081561682795697692e+02 9.531854352684086962e+01
1.269983014526506850e+03 1.065229441345467649e+03 6.802313424680233993e+02 7.706621154545631498e+02 4.737257678820383262e+02 5.200283179647684619e+02 4.471407014766784869e+02 3.272305532828625019e+02 1.369489378035105744e+02 2.400593796124826156e+02 1.079094961134055950e+02 3.387457275751361863e+01 4.399412402447664050e+01 4.347456163190835809e+01 1.259829620109041315e+00 4.479523880629172794e+01 1.907584691507479668e+00 1.271662667326442531e+01 3.267744207534465772e+01 1.258123550837375717e+02
1.267150764952513555e+03 6.311161151377981469e+02 7.695300122568950201e+02 5.741874777639051217e+02 5.570952153669097697e+02 4.539328827621284859e+02 3.797624576749612402e+02 4.345475469687376062e+02 2.218537051782539891e+02 2.200862530528912089e+02 5.873526337010454057e+01 9.978389189799658254e+01 2.819045158278592567e+01 3.938797519002547887e+01 1.719148570810154553e+01 3.438898910091408023e+00 2.999846098999377730e+01 2.916824988872317803e+01 5.325780079350835905e+01 2.098604816020344686e+02
1.087533549577809708e+03 7.773046606759997985e+02 8.796636506561300166e+02 5.637258783263168880e+02 5.742488016152262844e+02 5.136330221859371932e+02 2.363419201288263309e+02 3.537426740400387075e+02 2.248234907473610917e+02 2.118348438238581082e+02 6.274665062907156710e+01 1.805688036257046178e+02 9.161826587358004303e+01 3.277143758845777910e+01 4.306286834556339649e+00 7.417844158788978071e+00 1.622161611315874552e+01 2.937388176050692223e+01 1.072955536847358644e+02 1.376914370309765161e+02
1.070441666304930550e+03 1.034151439571948686e+03 7.387848253360906483e+02 6.462674534281250089e+02 6.033274286289419024e+02 5.994066177625124965e+02 4.180381101030099558e+02 3.727756846723219724e+02 3.559956713751873281e+02 1.542760276507720221e+02 8.560001772580855572e+01 1.925257275776541377e+01 2.584979731655192126e+00 6.023431021812234221e+00 3.946178649215284828e+00 8.373720515277902621e+00 3.389911767465486836e+00 1.110519471700106493e+02 5.828334210402380933e+01 1.293916868687762758e+02
1.190055535550334071e+03 7.862577180810761774e+02 6.928052415065229752e+02 6.151256903524001700e+02 7.828782873023245656e+02 4.429243447357002310e+02 3.432909274700708124e+02 4.505059121079396505e+02 2.513024593715127821e+02 2.965130762953053534e+01 1.228594473924199661e+02 2.922788685157421540e+01 1.040608293132609319e+01 2.154155687250434781e+01 1.273632713968625119e+01 3.110480935912374179e+01 2.331195787875117631e+01 1.382427832810135016e+01 9.999941512944391775e+01 2.162608517038242724e+02
7.617523365711704173e+02 6.885756258846032551e+02 5.935248225764487415e+02 5.127251387954352140e+02 5.064246077261823871e+02 5.199807130772173878e+02 2.621644074802110822e+02 4.229631602275877071e+02 1.816364179904780372e+02 6.655779323806757475e+01 9.429692294017698373e+01 3.887652779846526130e+01 8.901796917963196165e-01 1.191734453663253479e+00 2.849966351983000123e+01 1.176140926657630592e+00 1.048479919839436434e+02 9.725123645606542411e+00 1.792622285595957408e+02 1.951218554360505948e+02
9.522414470017076837e+02 7.172049412182579999e+02 7.409582675817989639e+02 5.181623247706620532e+02 5.073342962329273291e+02 5.847797974319107652e+02 4.237489619640832643e+02 3.507380589576216039e+02 7.388971090777549477e+01 1.429259507971367427e+01 1.033848858990162540e+02 6.377359927533420958e+00 2.889995565257937216e+00 3.129814175720471159e+00 1.326768314509380264e+00 9.383579131415562102e+00 5.528271747645381851e+01 1.040219354563470660e+02 2.567526268862755501e+02 9.645751868884595126e+01
9.387129619798149633e+02 7.739625433351749280e+02 5.118072309099873678e+02 6.023098090997752934e+02 3.836158197046893292e+02 2.913821845505209467e+02 4.650408993294109337e+02 2.212328884546882364e+02 2.009274410432057323e+02 8.819198247434952975e+01 9.428629645315841401e+01 1.050557631859122321e+00 2.797081261510546213e+01 2.871335827375440886e+01 3.492794191167696027e+01 3.564121798346023695e+01 1.950702829088656998e+01 1.615759335505644003e+02 1.808719204067128032e+02 1.028241149244705781e+02
7.540584524031991123e+02 5.533257546451122835e+02 7.540965929336381350e+02 3.164332912920876879e+02 4.581750376117155383e+02 2.621643889121855864e+02 2.615140926304372897e+02 1.277707994057204957e+02 7.423266604458500240e+01 3.528976624510773519e+01 6.680718915268624158e+00 1.051130765823217850e+00 5.883812060088149387e+00 1.241924226494171890e+01 3.309967841835370450e+01 7.964681934271885666e+01 7.860377518000932184e+01 1.462222498037093033e+02 2.075521353830720841e+02 3.014298388965924573e+02
6.482726479348308430e+02 8.213443626368772357e+02 3.403426253425481605e+02 3.643204755112800513e+02 2.474844420782282270e+02 1.597247154082218401e+02 1.992423684769636907e+02 1.731207584617278883e+02 2.775198425739443664e+01 3.161255351571448458e+01 4.810228725752597079e+00 5.468312263549479013e+01 1.483836309922745045e+01 4.386074139462638755e+01 1.201556993073661594e+01 3.683221740881369044e+01 2.138998102126125502e+02 1.630849785867949890e+02 1.792536587376925752e+02 4.408679293664841339e+02
